example_data/selke/dem/dem.asc
ncols        206
nrows        204
xllcorner    4432837.500000000000
yllcorner    5724937.500000000000
cellsize     200.000000000000
NODATA_value  -9999
[rows 180 to 199 of 204, columns 0 to 44 of 206]
493.100006103515625 502.800018310546875 516.9000244140625 534.10003662109375 550.79998779296875 565.9000244140625 568.70001220703125 564.60003662109375 560.70001220703125 551.5 548.10003662109375 547.10003662109375 535.70001220703125 514 490.70001220703125 483.899993896484375 479.800018310546875 471.399993896484375 455.399993896484375 472.399993896484375 473.100006103515625 467.600006103515625 454.5 447 444.800018310546875 443.5 427.5 423.70001220703125 439.399993896484375 440.5 435.20001220703125 428.300018310546875 420.70001220703125 410.5 400.899993896484375 389.70001220703125 380.300018310546875 387 386.399993896484375 388.899993896484375 390 388.600006103515625 386.100006103515625 383 377.5
483.20001220703125 518.20001220703125 522.9000244140625 539.5 558.5 573.60003662109375 570.70001220703125 572.20001220703125 573.9000244140625 564.20001220703125 574.4000244140625 551 529.4000244140625 512.29998779296875 504.600006103515625 496.800018310546875 486.20001220703125 477.399993896484375 464.100006103515625 484.300018310546875 486.70001220703125 472.20001220703125 461.70001220703125 456.20001220703125 453.300018310546875 446.899993896484375 436.5 440.70001220703125 446.20001220703125 445.5 436.399993896484375 420.70001220703125 413 411.20001220703125 402.100006103515625 390.20001220703125 393.300018310546875 399.5 401 398.20001220703125 397.5 398.399993896484375 394.20001220703125 386.600006103515625 378.100006103515625
497.399993896484375 503.600006103515625 508.70001220703125 518.60003662109375 540.60003662109375 554.79998779296875 559.20001220703125 566.10003662109375 576.29998779296875 578.10003662109375 583.70001220703125 570.29998779296875 539.60003662109375 532.9000244140625 524.60003662109375 509.899993896484375 499.20001220703125 498.800018310546875 482.899993896484375 499.399993896484375 501.5 483.5 470 465.399993896484375 458.100006103515625 451.399993896484375 442.600006103515625 444.399993896484375 446.899993896484375 449.5 443.20001220703125 428.100006103515625 413.600006103515625 405.899993896484375 401.600006103515625 400.100006103515625 404.70001220703125 406.399993896484375 403.70001220703125 402.600006103515625 403.5 399.5 392.70001220703125 387.300018310546875 386.600006103515625
487.800018310546875 503.399993896484375 507.20001220703125 513.29998779296875 527.79998779296875 540.10003662109375 541.20001220703125 553.60003662109375 563.29998779296875 566.4000244140625 581.10003662109375 579.60003662109375 556.5 541 543.20001220703125 529.5 519.4000244140625 508.20001220703125 500.70001220703125 510.5 519.20001220703125 492.899993896484375 483.100006103515625 470 462.600006103515625 460.899993896484375 453.800018310546875 446.300018310546875 444.20001220703125 452.20001220703125 445.899993896484375 429.600006103515625 418.100006103515625 410.100006103515625 407.800018310546875 410.5 411.5 410.300018310546875 409.100006103515625 406.600006103515625 403 394.600006103515625 387.600006103515625 388 394.399993896484375
482.600006103515625 500.5 512.79998779296875 520.5 524.4000244140625 524.5 525.5 545.29998779296875 558.20001220703125 563.20001220703125 574.29998779296875 582.10003662109375 568 551.10003662109375 546.9000244140625 538.5 529.5 517.60003662109375 520 535 536.4000244140625 514.4000244140625 491.70001220703125 479.300018310546875 470.800018310546875 464.300018310546875 454.100006103515625 443.100006103515625 436.300018310546875 440.399993896484375 437.5 429 419.100006103515625 413.399993896484375 412 411.800018310546875 412.100006103515625 411.600006103515625 409.899993896484375 404.399993896484375 405.899993896484375 402.399993896484375 399.5 396.70001220703125 395.899993896484375
489.100006103515625 490 505.100006103515625 516.9000244140625 521.10003662109375 511.300018310546875 536 553.20001220703125 561.5 567 575.29998779296875 576.9000244140625 568.60003662109375 557.29998779296875 554.60003662109375 555 534.29998779296875 528 541.79998779296875 556.29998779296875 561.29998779296875 536.70001220703125 504 488.600006103515625 475.800018310546875 468.100006103515625 452.20001220703125 436.800018310546875 430.5 430.70001220703125 434.300018310546875 430.100006103515625 420.20001220703125 413.70001220703125 409.399993896484375 410.300018310546875 412.399993896484375 412.899993896484375 411.800018310546875 410.899993896484375 410.70001220703125 410.399993896484375 405.899993896484375 402.70001220703125 398.899993896484375
520.20001220703125 512.70001220703125 509.5 505.5 508.20001220703125 505.70001220703125 520.10003662109375 531.70001220703125 538.4000244140625 560.60003662109375 568.60003662109375 569.70001220703125 558.10003662109375 545.70001220703125 552.20001220703125 556.70001220703125 542.9000244140625 541.70001220703125 560.20001220703125 579.10003662109375 573.70001220703125 538.5 505.899993896484375 491.5 475 463.300018310546875 448.899993896484375 436.600006103515625 428.20001220703125 424 432.899993896484375 418 403.20001220703125 404.800018310546875 399.300018310546875 409.20001220703125 414.399993896484375 412.300018310546875 412.600006103515625 410.5 409.300018310546875 406.300018310546875 400.5 399.20001220703125 399.800018310546875
516.5 509.899993896484375 497.300018310546875 490.5 490.20001220703125 488.899993896484375 506.899993896484375 514.5 530.20001220703125 560.60003662109375 559.5 554.10003662109375 539.5 537 541.9000244140625 550 553.9000244140625 553.9000244140625 569.70001220703125 569.29998779296875 556.60003662109375 534 506.399993896484375 482.399993896484375 472.100006103515625 458.20001220703125 442.399993896484375 437.800018310546875 434.70001220703125 430.20001220703125 408.600006103515625 396.800018310546875 388.399993896484375 388.399993896484375 401.70001220703125 408.20001220703125 407.70001220703125 408.100006103515625 406.100006103515625 402.899993896484375 395.70001220703125 392.399993896484375 386.100006103515625 388.70001220703125 396
500.5 502.399993896484375 491.300018310546875 483.899993896484375 479.70001220703125 485.70001220703125 496.800018310546875 506.399993896484375 532.5 548.5 545.70001220703125 530.4000244140625 524.29998779296875 524.29998779296875 537.10003662109375 543.79998779296875 551.10003662109375 546.20001220703125 545.4000244140625 542.60003662109375 530.70001220703125 515.79998779296875 497 479.70001220703125 471.899993896484375 459.800018310546875 449.300018310546875 441.300018310546875 430.70001220703125 432.399993896484375 422.5 412.100006103515625 400.100006103515625 375 395.70001220703125 400.899993896484375 394.300018310546875 393.100006103515625 403.100006103515625 389.300018310546875 377.899993896484375 374.70001220703125 374.399993896484375 386.899993896484375 396.899993896484375
493.70001220703125 502.20001220703125 494.300018310546875 489.70001220703125 483.100006103515625 473.399993896484375 480.399993896484375 499.800018310546875 525.5 532 526.9000244140625 516.20001220703125 504.100006103515625 516.29998779296875 533.10003662109375 543.10003662109375 540.29998779296875 526.29998779296875 517.29998779296875 514.60003662109375 505.399993896484375 495.20001220703125 479.600006103515625 465.399993896484375 463.100006103515625 446.70001220703125 443.20001220703125 436.20001220703125 417.399993896484375 404.5 422.100006103515625 413.600006103515625 399.600006103515625 385 363.70001220703125 373.600006103515625 375.600006103515625 373.100006103515625 377.300018310546875 386.70001220703125 378.600006103515625 372.300018310546875 366.100006103515625 395.70001220703125 399.800018310546875
467 496.899993896484375 494.70001220703125 497.70001220703125 490.5 473.5 472.399993896484375 489.20001220703125 505.100006103515625 518.9000244140625 520.70001220703125 505.100006103515625 504.100006103515625 509.300018310546875 519.9000244140625 532.5 531 519.9000244140625 506 497.100006103515625 488.399993896484375 480.100006103515625 468.100006103515625 441.5 452.100006103515625 426.899993896484375 433.100006103515625 420.20001220703125 400.70001220703125 384.100006103515625 401.70001220703125 404.800018310546875 391.5 383.5 367.100006103515625 344.600006103515625 367.800018310546875 364.70001220703125 364.600006103515625 374.5 370.5 373.20001220703125 362 385.800018310546875 379.100006103515625
467.600006103515625 450.800018310546875 475.5 490 479.20001220703125 467.100006103515625 481.70001220703125 489.899993896484375 482.800018310546875 512.29998779296875 521.20001220703125 508.399993896484375 497.20001220703125 494.300018310546875 511.5 535.10003662109375 533.4000244140625 525.79998779296875 516.4000244140625 504.399993896484375 497.899993896484375 485.399993896484375 475.5 441.5 417.899993896484375 404.300018310546875 395.399993896484375 383 375.899993896484375 370.300018310546875 391.300018310546875 392.70001220703125 386.20001220703125 374.399993896484375 363.70001220703125 356.800018310546875 331.300018310546875 363.899993896484375 345.100006103515625 369.800018310546875 374.300018310546875 369.600006103515625 350.5 363.5 354.600006103515625
455 450.20001220703125 442.100006103515625 475.399993896484375 473.70001220703125 456 482.800018310546875 487.800018310546875 471.399993896484375 497.20001220703125 521.60003662109375 509.399993896484375 494.899993896484375 484.100006103515625 507.5 525.29998779296875 520.10003662109375 519.10003662109375 508.399993896484375 501.20001220703125 497.800018310546875 486.70001220703125 469.300018310546875 452.5 436.800018310546875 421.5 391.70001220703125 375.20001220703125 364.899993896484375 351.800018310546875 363.20001220703125 373.20001220703125 380.300018310546875 380.20001220703125 373.600006103515625 354.70001220703125 321.600006103515625 327.300018310546875 377.300018310546875 370.300018310546875 364.20001220703125 358.5 357.899993896484375 361.20001220703125 361.20001220703125
453.70001220703125 445.300018310546875 435.300018310546875 441.800018310546875 458.800018310546875 447.100006103515625 474.899993896484375 465.300018310546875 459.70001220703125 485.399993896484375 511.899993896484375 503.5 487.399993896484375 469.600006103515625 499.399993896484375 515.79998779296875 507.300018310546875 509.100006103515625 505.300018310546875 488.600006103515625 482.600006103515625 470.800018310546875 455.300018310546875 443.100006103515625 432.800018310546875 421.300018310546875 401 386.600006103515625 375.5 364.5 345.70001220703125 349.5 378 378.399993896484375 364.100006103515625 362.5 321 329.600006103515625 341.20001220703125 363.899993896484375 354.899993896484375 346.5 336.399993896484375 350.899993896484375 360.300018310546875
442.800018310546875 437 431.600006103515625 435.70001220703125 451.20001220703125 469.5 440.399993896484375 450.300018310546875 472.800018310546875 476.70001220703125 493.5 500.899993896484375 466.600006103515625 495.800018310546875 516.4000244140625 514.29998779296875 502.100006103515625 487.20001220703125 492.100006103515625 467.600006103515625 450.70001220703125 441.800018310546875 437.899993896484375 434.300018310546875 418.399993896484375 400 377.70001220703125 366.20001220703125 363.600006103515625 352.5 345.899993896484375 329.300018310546875 349.70001220703125 372.899993896484375 365.899993896484375 354.399993896484375 335.899993896484375 300.100006103515625 345 353.100006103515625 318.899993896484375 332.100006103515625 351.399993896484375 366.600006103515625 364.100006103515625
450.70001220703125 438.70001220703125 434.5 441.300018310546875 436.20001220703125 450 455.899993896484375 431.100006103515625 491.800018310546875 492.100006103515625 493.600006103515625 491.300018310546875 465.5 495.100006103515625 506 500.899993896484375 492.899993896484375 475.300018310546875 465.300018310546875 456.600006103515625 445.800018310546875 432.100006103515625 429.20001220703125 424.100006103515625 406.399993896484375 406.399993896484375 403.899993896484375 394.800018310546875 381.5 370.20001220703125 361.300018310546875 344.70001220703125 320.399993896484375 355.70001220703125 349.800018310546875 311.600006103515625 309.70001220703125 321.5 340.600006103515625 337.800018310546875 339.20001220703125 359.899993896484375 360.5 363.899993896484375 366.600006103515625
445.20001220703125 441.899993896484375 443.300018310546875 438.5 420.20001220703125 430.70001220703125 449.100006103515625 438.600006103515625 464.800018310546875 492.70001220703125 494.899993896484375 488.600006103515625 480.800018310546875 446.70001220703125 454.800018310546875 454.399993896484375 469.899993896484375 471.600006103515625 457 450.300018310546875 440.899993896484375 444.899993896484375 429.70001220703125 420.300018310546875 407.70001220703125 394 381.5 371.300018310546875 364.300018310546875 351.600006103515625 355.100006103515625 353.100006103515625 326.20001220703125 342.399993896484375 325.100006103515625 284.70001220703125 279.100006103515625 312.100006103515625 311 309 353.899993896484375 337.100006103515625 311.70001220703125 347.600006103515625 358.800018310546875
453.600006103515625 450.300018310546875 442.300018310546875 437 424.100006103515625 413.899993896484375 427 442.399993896484375 423.399993896484375 466.899993896484375 472.600006103515625 486.600006103515625 474.800018310546875 469.600006103515625 446.800018310546875 443.399993896484375 423.20001220703125 457.5 463.70001220703125 453.300018310546875 444.600006103515625 423.600006103515625 405.100006103515625 385.300018310546875 373.300018310546875 365.300018310546875 358.20001220703125 357.70001220703125 355.70001220703125 338.600006103515625 326.399993896484375 316.70001220703125 310.20001220703125 365 346.800018310546875 285.5 337.899993896484375 290.300018310546875 270.300018310546875 321.300018310546875 313.399993896484375 289 295.5 332 305.5
442.5 444.5 440 431.800018310546875 422.70001220703125 417.20001220703125 409 422.399993896484375 426.300018310546875 455.899993896484375 457.600006103515625 480.20001220703125 475.70001220703125 469.20001220703125 464.899993896484375 448.5 430.800018310546875 408.800018310546875 421.70001220703125 444.800018310546875 435.800018310546875 425.5 416.100006103515625 410.300018310546875 408.899993896484375 393.600006103515625 385.600006103515625 380.5 376.20001220703125 373.399993896484375 365.899993896484375 359.5 343 305.5 305.800018310546875 328.800018310546875 313 384.300018310546875 352.800018310546875 307.70001220703125 315.600006103515625 295.300018310546875 305 279.5 257.70001220703125
435.100006103515625 437.399993896484375 433.399993896484375 425.70001220703125 423.800018310546875 420.5 410.70001220703125 407.600006103515625 436.5 457.70001220703125 472.899993896484375 479.800018310546875 486 478.20001220703125 458.5 450.399993896484375 438.399993896484375 425.899993896484375 400.899993896484375 435.300018310546875 423.300018310546875 414.5 409.899993896484375 399.600006103515625 396.20001220703125 383 370.5 382 388 384.70001220703125 379.300018310546875 373.399993896484375 367.100006103515625 308.20001220703125 307.100006103515625 299.5 379.5 390.70001220703125 380.800018310546875 378.20001220703125 370.100006103515625 313 331.399993896484375 333.70001220703125 264
