example_data/selke/dem/dem.asc
ncols        206
nrows        204
xllcorner    4432837.500000000000
yllcorner    5724937.500000000000
cellsize     200.000000000000
NODATA_value  -9999
[rows 120 to 139 of 204, columns 0 to 44 of 206]
158.600006103515625 156.600006103515625 156.3000030517578125 158.3000030517578125 155.9000091552734375 154.100006103515625 149.6999969482421875 150.6999969482421875 148.100006103515625 147 145.6999969482421875 144.5 142.9000091552734375 140.3000030517578125 140.3000030517578125 138 138.5 137.8000030517578125 135.8000030517578125 134.8000030517578125 133.9000091552734375 132.4000091552734375 131.1999969482421875 130.100006103515625 129.100006103515625 127.8000030517578125 132.4000091552734375 129.9000091552734375 133 144 144.6999969482421875 141.4000091552734375 153.5 147.1999969482421875 139.8000030517578125 135.100006103515625 127.90000152587890625 124.90000152587890625 122.09999847412109375 120.90000152587890625 120 118.20000457763671875 117.09999847412109375 117.70000457763671875 116.8000030517578125
149.3000030517578125 155.8000030517578125 154.3000030517578125 153.1999969482421875 152.3000030517578125 151.8000030517578125 150.600006103515625 148.3000030517578125 144.5 142.9000091552734375 143 142.6999969482421875 140.6999969482421875 140.5 139.4000091552734375 137.600006103515625 141.6999969482421875 141.100006103515625 145.5 136.4000091552734375 132.9000091552734375 132.100006103515625 131.100006103515625 130.3000030517578125 129.1999969482421875 128.9000091552734375 133.100006103515625 140.4000091552734375 144.5 150 150.8000030517578125 154.9000091552734375 150.100006103515625 146.1999969482421875 142.5 139.1999969482421875 133.6999969482421875 134.1999969482421875 130.100006103515625 125.59999847412109375 122.5 121.5 121.09999847412109375 121.8000030517578125 127.70000457763671875
147.100006103515625 146.9000091552734375 147.6999969482421875 150.1999969482421875 151.1999969482421875 150.100006103515625 149.100006103515625 146.9000091552734375 143.9000091552734375 147.5 151.9000091552734375 148.9000091552734375 145.4000091552734375 146.600006103515625 152.600006103515625 143 143 145.4000091552734375 142.9000091552734375 154.9000091552734375 155.4000091552734375 136 129.1999969482421875 129.5 129.4000091552734375 129.1999969482421875 128.8000030517578125 131.1999969482421875 136.600006103515625 144.1999969482421875 147.1999969482421875 150.4000091552734375 151.1999969482421875 149 150.8000030517578125 162.6999969482421875 147.3000030517578125 147.600006103515625 143.9000091552734375 137.4000091552734375 139.600006103515625 132.8000030517578125 132.8000030517578125 134.9000091552734375 135.8000030517578125
146.8000030517578125 146.600006103515625 146.6999969482421875 147.9000091552734375 149.100006103515625 147.1999969482421875 145.6999969482421875 145.100006103515625 148.5 151.8000030517578125 155.5 165.600006103515625 160.4000091552734375 152.8000030517578125 185 146.5 146.4000091552734375 151.4000091552734375 145.8000030517578125 147.100006103515625 153.600006103515625 166.6999969482421875 171.3000030517578125 134 129.9000091552734375 129.100006103515625 129.6999969482421875 129.9000091552734375 131.9000091552734375 133.6999969482421875 135 137.5 146.600006103515625 155.1999969482421875 155.6999969482421875 163.1999969482421875 156.5 167.100006103515625 178 169.6999969482421875 154.9000091552734375 149.3000030517578125 144.4000091552734375 141.600006103515625 137.6999969482421875
146.4000091552734375 146.9000091552734375 146.8000030517578125 147.3000030517578125 146.6999969482421875 149.100006103515625 149.9000091552734375 151.8000030517578125 155 160.4000091552734375 162.600006103515625 166.5 161.8000030517578125 159.6999969482421875 174.600006103515625 175.600006103515625 150.5 163 173.8000030517578125 158.1999969482421875 152.4000091552734375 156.8000030517578125 162.8000030517578125 160.600006103515625 158.3000030517578125 142.1999969482421875 137.6999969482421875 137.100006103515625 134.8000030517578125 134.4000091552734375 135.9000091552734375 134.100006103515625 138.5 143.8000030517578125 146.600006103515625 146.8000030517578125 150.9000091552734375 147.9000091552734375 149.5 155.8000030517578125 153.600006103515625 151.6999969482421875 141.9000091552734375 142.5 138.9000091552734375
147.8000030517578125 147.600006103515625 147.6999969482421875 148.5 151.9000091552734375 156.8000030517578125 161.100006103515625 164.6999969482421875 169.1999969482421875 164.1999969482421875 177.9000091552734375 176.9000091552734375 167.8000030517578125 184 173.1999969482421875 176.1999969482421875 158.3000030517578125 156.1999969482421875 166.3000030517578125 164.100006103515625 167.100006103515625 157.8000030517578125 155.8000030517578125 151.9000091552734375 150.600006103515625 155.1999969482421875 161.100006103515625 144.8000030517578125 137.4000091552734375 134.6999969482421875 136.3000030517578125 136.9000091552734375 135.600006103515625 139.1999969482421875 141.100006103515625 142.9000091552734375 146.6999969482421875 132.6999969482421875 131.600006103515625 133.8000030517578125 136.100006103515625 144.600006103515625 131.1999969482421875 136.1999969482421875 118.3000030517578125
148.4000091552734375 148.5 148.6999969482421875 152.1999969482421875 154.4000091552734375 159.5 164.1999969482421875 174 183.100006103515625 191.100006103515625 183.5 198.100006103515625 183.4000091552734375 188.5 204.100006103515625 202.6999969482421875 196 171.6999969482421875 168 178.600006103515625 172.600006103515625 175.600006103515625 167.4000091552734375 154.100006103515625 150.6999969482421875 148 148.4000091552734375 156.9000091552734375 157.1999969482421875 140.9000091552734375 135.8000030517578125 135.6999969482421875 134.1999969482421875 135 135.100006103515625 134.4000091552734375 140 132.3000030517578125 129.3000030517578125 127.8000030517578125 125 123.09999847412109375 120 119.90000152587890625 118.59999847412109375
149.100006103515625 149.100006103515625 152.4000091552734375 154.1999969482421875 156.9000091552734375 162.100006103515625 170.100006103515625 176 181.8000030517578125 187.4000091552734375 193.6999969482421875 199.6999969482421875 201.6999969482421875 203.3000030517578125 198.4000091552734375 199.8000030517578125 202.9000091552734375 207 204.600006103515625 192.6999969482421875 180.4000091552734375 175.3000030517578125 158.4000091552734375 161.4000091552734375 158.3000030517578125 146.100006103515625 143 142.6999969482421875 143.4000091552734375 149.6999969482421875 148.3000030517578125 150.3000030517578125 153.600006103515625 146.100006103515625 137.5 133.600006103515625 132.9000091552734375 131.1999969482421875 128.3000030517578125 126.40000152587890625 122.70000457763671875 120.09999847412109375 120.90000152587890625 119.40000152587890625 119.8000030517578125
150.600006103515625 155.3000030517578125 158.8000030517578125 162.3000030517578125 164.5 167.6999969482421875 168.6999969482421875 172.9000091552734375 178.8000030517578125 181.9000091552734375 186.1999969482421875 190.3000030517578125 193.1999969482421875 191.4000091552734375 191.600006103515625 191.8000030517578125 199.4000091552734375 201.9000091552734375 196.4000091552734375 193 193.1999969482421875 181.100006103515625 169.4000091552734375 180.600006103515625 175.5 162 157.6999969482421875 141.8000030517578125 139.3000030517578125 138.6999969482421875 139.4000091552734375 140.3000030517578125 136.100006103515625 138.6999969482421875 169.5 156.1999969482421875 148.4000091552734375 145.3000030517578125 139 130.6999969482421875 122.09999847412109375 121.40000152587890625 120.8000030517578125 120.5 119.90000152587890625
161.6999969482421875 185.600006103515625 180.8000030517578125 174.6999969482421875 186.3000030517578125 183.8000030517578125 178.3000030517578125 177.5 175.6999969482421875 176.8000030517578125 179.5 184.600006103515625 187.3000030517578125 182.8000030517578125 181.6999969482421875 193.9000091552734375 203.8000030517578125 195.600006103515625 186.6999969482421875 186.600006103515625 178.3000030517578125 189.100006103515625 188.5 183.100006103515625 173.1999969482421875 173.1999969482421875 168.9000091552734375 161.4000091552734375 153.4000091552734375 144.600006103515625 141 139.600006103515625 137.600006103515625 144.6999969482421875 133.5 145.1999969482421875 161.8000030517578125 137.9000091552734375 131.6999969482421875 130.6999969482421875 121.59999847412109375 121.90000152587890625 121.59999847412109375 121.3000030517578125 120.20000457763671875
171.1999969482421875 177.3000030517578125 184.3000030517578125 175 165.5 183.1999969482421875 176.4000091552734375 173.3000030517578125 173.100006103515625 172.4000091552734375 173 177.1999969482421875 176.9000091552734375 174.1999969482421875 181.1999969482421875 186.1999969482421875 188.6999969482421875 185.1999969482421875 177.5 178.1999969482421875 173.5 178.9000091552734375 180.9000091552734375 189.1999969482421875 185 175.9000091552734375 168 162.600006103515625 156 154.8000030517578125 147 145 144.1999969482421875 136.3000030517578125 130.9000091552734375 129.1999969482421875 130.6999969482421875 152.3000030517578125 127.8000030517578125 123.70000457763671875 122.5 122.09999847412109375 122 121.5 120.3000030517578125
167.9000091552734375 177.3000030517578125 176.5 168.600006103515625 165.5 164.6999969482421875 171.1999969482421875 170.8000030517578125 169.1999969482421875 169 171.4000091552734375 173.9000091552734375 172.3000030517578125 168 173.1999969482421875 171.100006103515625 175.9000091552734375 174.600006103515625 168 167.4000091552734375 161.1999969482421875 171.6999969482421875 167.100006103515625 178.1999969482421875 178.6999969482421875 184.9000091552734375 192.4000091552734375 190.100006103515625 182.600006103515625 165.4000091552734375 152.8000030517578125 155.600006103515625 138 134.8000030517578125 139.8000030517578125 130.8000030517578125 126 124.5 134.6999969482421875 126.40000152587890625 122.3000030517578125 122.40000152587890625 122 121.5 120.8000030517578125
161.4000091552734375 165.9000091552734375 168.6999969482421875 168.8000030517578125 169.9000091552734375 170.1999969482421875 169.8000030517578125 168.1999969482421875 168 167.100006103515625 165.600006103515625 166.8000030517578125 168.4000091552734375 165.9000091552734375 160.6999969482421875 162.1999969482421875 167.8000030517578125 163.5 161.5 159 169 167.1999969482421875 159.1999969482421875 173.100006103515625 171.100006103515625 172.100006103515625 178.3000030517578125 180.8000030517578125 181 183.4000091552734375 177.5 154.6999969482421875 146.4000091552734375 153.600006103515625 132.6999969482421875 128.5 126.09999847412109375 123.90000152587890625 124 123 122.3000030517578125 122 122.09999847412109375 121.8000030517578125 121.8000030517578125
159.4000091552734375 162.8000030517578125 168.600006103515625 176.4000091552734375 178.4000091552734375 176.8000030517578125 173.9000091552734375 172.6999969482421875 172.5 169.600006103515625 167.600006103515625 164.600006103515625 162.9000091552734375 163.8000030517578125 162.4000091552734375 155.1999969482421875 160 159.100006103515625 160.100006103515625 151.9000091552734375 158 159.600006103515625 151.9000091552734375 155.9000091552734375 159.6999969482421875 160.6999969482421875 166 171.1999969482421875 175.600006103515625 178.100006103515625 185.100006103515625 193.9000091552734375 183.100006103515625 143.600006103515625 132.600006103515625 126.5 124.5 123.70000457763671875 122.90000152587890625 120.3000030517578125 123.40000152587890625 123.09999847412109375 123.8000030517578125 122.70000457763671875 131.1999969482421875
168.100006103515625 169.100006103515625 170.4000091552734375 174.9000091552734375 177.3000030517578125 179 176.8000030517578125 175.8000030517578125 174.3000030517578125 171.6999969482421875 169.8000030517578125 167.1999969482421875 164.100006103515625 160.9000091552734375 156.100006103515625 153.600006103515625 149.100006103515625 147.3000030517578125 145.600006103515625 149 151 148.600006103515625 147.4000091552734375 149.4000091552734375 149.100006103515625 151.8000030517578125 157.5 164.4000091552734375 158.3000030517578125 164 170.100006103515625 179.1999969482421875 172.5 174.3000030517578125 157.9000091552734375 124.70000457763671875 124.59999847412109375 123.8000030517578125 122.8000030517578125 122.90000152587890625 123.8000030517578125 124 123.20000457763671875 124.09999847412109375 132.5
172 188.1999969482421875 185.4000091552734375 184 182.100006103515625 179.6999969482421875 177.6999969482421875 176 172.1999969482421875 170.3000030517578125 166.100006103515625 166.6999969482421875 166.4000091552734375 162.3000030517578125 159.5 157.4000091552734375 153.100006103515625 145.6999969482421875 143.8000030517578125 142 140.9000091552734375 139.9000091552734375 141.4000091552734375 139.3000030517578125 142.4000091552734375 147 150.600006103515625 154.8000030517578125 148.5 144.8000030517578125 154.100006103515625 146.8000030517578125 130.5 125.5 124.59999847412109375 125.09999847412109375 124.5 123.5 123.5 124.59999847412109375 124.20000457763671875 124.90000152587890625 132.600006103515625 134.1999969482421875 135
190 189.9000091552734375 187.100006103515625 184.3000030517578125 182.100006103515625 174.8000030517578125 167.1999969482421875 164.4000091552734375 162.100006103515625 160.4000091552734375 161.600006103515625 163.5 163.100006103515625 161 155.600006103515625 150.5 146.4000091552734375 143.8000030517578125 154.6999969482421875 144.9000091552734375 142.9000091552734375 139.5 137.4000091552734375 136.5 138 144.6999969482421875 148.6999969482421875 149 146.100006103515625 143 129.3000030517578125 126.90000152587890625 125.5 126.59999847412109375 125.20000457763671875 125.90000152587890625 125.59999847412109375 125.09999847412109375 125.70000457763671875 124.40000152587890625 125.59999847412109375 135 139.1999969482421875 139.9000091552734375 139.5
190.1999969482421875 188.9000091552734375 186.9000091552734375 181.100006103515625 174.6999969482421875 171.6999969482421875 168.1999969482421875 161.8000030517578125 158.1999969482421875 156.6999969482421875 157.8000030517578125 164.4000091552734375 159.5 153.100006103515625 148.9000091552734375 147.600006103515625 145.1999969482421875 152.5 156.3000030517578125 155.600006103515625 153.6999969482421875 150.100006103515625 142.8000030517578125 137.6999969482421875 135.5 132.8000030517578125 133.100006103515625 133.600006103515625 128.9000091552734375 128.1999969482421875 127.5 127.20000457763671875 126.40000152587890625 125.90000152587890625 126.59999847412109375 127.40000152587890625 126.09999847412109375 125.20000457763671875 125.8000030517578125 125.90000152587890625 127.40000152587890625 145.1999969482421875 142.3000030517578125 141 140.600006103515625
189.5 184.1999969482421875 178.5 175.6999969482421875 171.100006103515625 168.4000091552734375 166.1999969482421875 165 158.6999969482421875 156.3000030517578125 154.9000091552734375 153.5 151.600006103515625 149.9000091552734375 148.600006103515625 149.1999969482421875 151 156.100006103515625 156.100006103515625 155.3000030517578125 153.6999969482421875 151.5 150.6999969482421875 146.9000091552734375 142.5 134.8000030517578125 131.8000030517578125 129.5 129.100006103515625 127.40000152587890625 127.40000152587890625 127 126.90000152587890625 127.09999847412109375 127.70000457763671875 128 126.8000030517578125 127.70000457763671875 128.9000091552734375 143.1999969482421875 143.3000030517578125 142.5 141.8000030517578125 141.3000030517578125 141.3000030517578125
177 174.6999969482421875 172.5 169.8000030517578125 167.6999969482421875 164.6999969482421875 162.100006103515625 160 157.600006103515625 155.6999969482421875 155.5 155.600006103515625 157.100006103515625 167.6999969482421875 173 158.6999969482421875 161.9000091552734375 158.8000030517578125 156.100006103515625 156.100006103515625 155.1999969482421875 152.6999969482421875 149.6999969482421875 148 148.600006103515625 146 130.5 131 129.9000091552734375 128.9000091552734375 128.4000091552734375 127.90000152587890625 127.40000152587890625 127.8000030517578125 128.6999969482421875 129.6999969482421875 134.4000091552734375 141.9000091552734375 142.9000091552734375 143.4000091552734375 142.8000030517578125 142.8000030517578125 142.8000030517578125 142.9000091552734375 142.9000091552734375
