example_data/selke/dem/dem.asc
ncols        206
nrows        204
xllcorner    4432837.500000000000
yllcorner    5724937.500000000000
cellsize     200.000000000000
NODATA_value  -9999
[rows 120 to 139 of 204, columns 90 to 134 of 206]
118.8000030517578125 115.20000457763671875 115.5 115.5 115.70000457763671875 115.59999847412109375 115.70000457763671875 116.40000152587890625 120.8000030517578125 126.20000457763671875 127.59999847412109375 128.100006103515625 128 128.3000030517578125 127.5 110.59999847412109375 101 110.40000152587890625 107.70000457763671875 84.40000152587890625 93.90000152587890625 124.90000152587890625 136.9000091552734375 140.1999969482421875 140.600006103515625 135.5 139.4000091552734375 143.100006103515625 146 148.600006103515625 149.6999969482421875 151.6999969482421875 112.5 105.3000030517578125 105.59999847412109375 105.70000457763671875 105.90000152587890625 107.40000152587890625 105 117.20000457763671875 114.40000152587890625 107.8000030517578125 108.20000457763671875 110.59999847412109375 113.70000457763671875
129.100006103515625 118.90000152587890625 115.59999847412109375 116.3000030517578125 116.40000152587890625 116.20000457763671875 116.40000152587890625 116.90000152587890625 117.70000457763671875 126.20000457763671875 127.40000152587890625 128.600006103515625 128.100006103515625 128.3000030517578125 128.100006103515625 128.1999969482421875 117.70000457763671875 117.90000152587890625 129.8000030517578125 126.90000152587890625 135.9000091552734375 126.40000152587890625 139.8000030517578125 139.9000091552734375 143.600006103515625 143.100006103515625 140.1999969482421875 142 144.5 152 152.5 123.59999847412109375 105.20000457763671875 104.70000457763671875 104.90000152587890625 105.20000457763671875 105.90000152587890625 106.5 106.5 118 112 108.40000152587890625 108.59999847412109375 109 117.59999847412109375
133.9000091552734375 122.90000152587890625 118 116.90000152587890625 117 116.70000457763671875 116 117.5 118.3000030517578125 119.3000030517578125 126.90000152587890625 128 129.100006103515625 129.5 129.4000091552734375 129 126.09999847412109375 128.6999969482421875 130.4000091552734375 141.3000030517578125 146.600006103515625 146.600006103515625 147.8000030517578125 135.1999969482421875 138.6999969482421875 142.600006103515625 141.9000091552734375 144.3000030517578125 143 148.4000091552734375 138 106.8000030517578125 105.09999847412109375 105.40000152587890625 105.20000457763671875 105.09999847412109375 104.90000152587890625 106.09999847412109375 107.40000152587890625 107.09999847412109375 109.8000030517578125 109.3000030517578125 108.40000152587890625 108.59999847412109375 112.20000457763671875
138.5 135.5 129.9000091552734375 118.70000457763671875 117.40000152587890625 117.90000152587890625 118.09999847412109375 117 118.5 119.3000030517578125 121.8000030517578125 129.3000030517578125 130 130.100006103515625 130.100006103515625 129.6999969482421875 129.1999969482421875 129 128.600006103515625 150.4000091552734375 142.3000030517578125 148.1999969482421875 150 148.9000091552734375 130 132.8000030517578125 130.5 143 146.4000091552734375 138.600006103515625 120.90000152587890625 110.40000152587890625 105.40000152587890625 105.3000030517578125 105 104.90000152587890625 104.90000152587890625 104.90000152587890625 106.09999847412109375 108.09999847412109375 109.09999847412109375 109.09999847412109375 108.90000152587890625 108.90000152587890625 109
139.6999969482421875 137.9000091552734375 135.5 130 118.5 117.90000152587890625 118.20000457763671875 118.3000030517578125 123.20000457763671875 119.5 120 123.8000030517578125 130.5 130.100006103515625 130.6999969482421875 130.600006103515625 130.4000091552734375 129.8000030517578125 129.4000091552734375 129.100006103515625 128 131.4000091552734375 143.9000091552734375 142.5 132.3000030517578125 132.8000030517578125 129.3000030517578125 130 131.5 130.8000030517578125 123.8000030517578125 114 107.09999847412109375 105.20000457763671875 105 105 105 105.09999847412109375 105.70000457763671875 106.40000152587890625 107 109.59999847412109375 108.8000030517578125 108.59999847412109375 108.8000030517578125
138.5 137.8000030517578125 135.9000091552734375 133.4000091552734375 128.4000091552734375 118.59999847412109375 120.09999847412109375 119.20000457763671875 118.8000030517578125 119.90000152587890625 121.40000152587890625 121 128.6999969482421875 129.600006103515625 131.3000030517578125 131 131 130.4000091552734375 130.100006103515625 129.9000091552734375 129.600006103515625 129.4000091552734375 128.6999969482421875 128.100006103515625 123.70000457763671875 131.1999969482421875 126.20000457763671875 127.09999847412109375 131.6999969482421875 129.8000030517578125 125.8000030517578125 122 110.5 108.09999847412109375 106 105 104.90000152587890625 105.8000030517578125 105.70000457763671875 106 106.70000457763671875 107.8000030517578125 108.70000457763671875 108.59999847412109375 108.59999847412109375
137.3000030517578125 135.6999969482421875 134.4000091552734375 132.4000091552734375 129.600006103515625 121.3000030517578125 119.3000030517578125 119.59999847412109375 119.59999847412109375 120.40000152587890625 120.90000152587890625 121.09999847412109375 122.8000030517578125 131 131 131.4000091552734375 130.9000091552734375 130.9000091552734375 131.100006103515625 130.5 130.100006103515625 129.9000091552734375 129.5 129.3000030517578125 129.1999969482421875 129.100006103515625 128.100006103515625 111.70000457763671875 111.70000457763671875 126.5 124.59999847412109375 118 118.40000152587890625 114.90000152587890625 106.5 105.3000030517578125 105.5 106 105.40000152587890625 106.40000152587890625 106.70000457763671875 106.59999847412109375 108 108.09999847412109375 108.5
133.600006103515625 131.600006103515625 131.600006103515625 131.600006103515625 128 126.40000152587890625 119.8000030517578125 120.3000030517578125 120.20000457763671875 121.09999847412109375 121.40000152587890625 121.90000152587890625 121.8000030517578125 125.5 134.9000091552734375 131.600006103515625 131.6999969482421875 131.600006103515625 131.3000030517578125 130.9000091552734375 130.6999969482421875 130.8000030517578125 130.4000091552734375 130.3000030517578125 130 130 129.9000091552734375 111.8000030517578125 111.70000457763671875 125.40000152587890625 126.90000152587890625 121.8000030517578125 121.59999847412109375 124.70000457763671875 117.90000152587890625 106.59999847412109375 105.70000457763671875 105.90000152587890625 105.59999847412109375 106.20000457763671875 106.20000457763671875 106.8000030517578125 106.20000457763671875 106.8000030517578125 108.09999847412109375
133.9000091552734375 132 128 125.70000457763671875 124.59999847412109375 122.20000457763671875 120.59999847412109375 120.59999847412109375 120.8000030517578125 121 121.59999847412109375 122.20000457763671875 122.8000030517578125 123.09999847412109375 131.9000091552734375 132.9000091552734375 133.4000091552734375 132.8000030517578125 132.4000091552734375 132.1999969482421875 131.5 131.8000030517578125 131.5 131.1999969482421875 131.3000030517578125 131.100006103515625 131.3000030517578125 130.6999969482421875 129.3000030517578125 124 125.20000457763671875 126.70000457763671875 124.90000152587890625 124.90000152587890625 123.09999847412109375 116.8000030517578125 109.3000030517578125 106.09999847412109375 105.59999847412109375 106.20000457763671875 106 106 106.09999847412109375 106.20000457763671875 106.59999847412109375
136.5 133.8000030517578125 133.5 132.6999969482421875 131.4000091552734375 129.6999969482421875 121 121.3000030517578125 121 121.20000457763671875 121.59999847412109375 122.70000457763671875 122.8000030517578125 123.40000152587890625 125.20000457763671875 132.600006103515625 135.5 135.8000030517578125 134.100006103515625 132.8000030517578125 132.5 132.1999969482421875 132.4000091552734375 132.4000091552734375 131.8000030517578125 131.6999969482421875 131.6999969482421875 131.100006103515625 130 128.8000030517578125 128.100006103515625 128.3000030517578125 127.40000152587890625 124.8000030517578125 125.8000030517578125 123 118.90000152587890625 109.3000030517578125 106.5 106.5 105.90000152587890625 106 106.3000030517578125 106.40000152587890625 106.40000152587890625
137.1999969482421875 136.100006103515625 135.1999969482421875 134.100006103515625 132.5 131.1999969482421875 126.20000457763671875 121.8000030517578125 121.90000152587890625 121.20000457763671875 122.20000457763671875 123 123.5 123.40000152587890625 125.3000030517578125 127.90000152587890625 134.600006103515625 135.100006103515625 134.9000091552734375 135.4000091552734375 134.3000030517578125 133.1999969482421875 133 133.4000091552734375 132.4000091552734375 132.5 132.4000091552734375 132 131.5 130.9000091552734375 130.3000030517578125 130.3000030517578125 128.600006103515625 127.5 127.3000030517578125 125.90000152587890625 123 116.5 109.70000457763671875 107 106.09999847412109375 106.8000030517578125 106.20000457763671875 106.5 106.09999847412109375
137 136 134.8000030517578125 133.8000030517578125 131.8000030517578125 128.8000030517578125 123.90000152587890625 124.40000152587890625 121.90000152587890625 122.3000030517578125 121.20000457763671875 123.09999847412109375 123.40000152587890625 123.5 124.3000030517578125 124.70000457763671875 136.1999969482421875 136.5 136.4000091552734375 135.3000030517578125 134.5 135 133.6999969482421875 133.8000030517578125 133.3000030517578125 133.3000030517578125 133.1999969482421875 133.100006103515625 132.4000091552734375 132.100006103515625 131.6999969482421875 131 129.1999969482421875 129.100006103515625 129.100006103515625 128.6999969482421875 127.90000152587890625 122.5 116.20000457763671875 111.59999847412109375 107 106.09999847412109375 106.3000030517578125 106.09999847412109375 106.09999847412109375
136.1999969482421875 135.5 135 132.4000091552734375 131.6999969482421875 131.9000091552734375 133.4000091552734375 131.8000030517578125 123.70000457763671875 123.3000030517578125 123.70000457763671875 122.8000030517578125 124.20000457763671875 123.90000152587890625 124.3000030517578125 125.09999847412109375 132 137.4000091552734375 136.9000091552734375 136.100006103515625 135.8000030517578125 135.1999969482421875 134.600006103515625 134.9000091552734375 134.5 134.1999969482421875 133.9000091552734375 134.100006103515625 133.600006103515625 133.100006103515625 132.9000091552734375 131.9000091552734375 131.100006103515625 130.100006103515625 130.1999969482421875 130.100006103515625 129.6999969482421875 128 120.70000457763671875 114 115 109.20000457763671875 106.20000457763671875 106.09999847412109375 106.70000457763671875
140.3000030517578125 139.8000030517578125 137.8000030517578125 135.600006103515625 134.4000091552734375 134.600006103515625 135 132.1999969482421875 130.3000030517578125 127.40000152587890625 124.20000457763671875 124 124.3000030517578125 124.09999847412109375 124.90000152587890625 125 127.09999847412109375 136.1999969482421875 137.8000030517578125 137.5 137.100006103515625 136.600006103515625 135.6999969482421875 135.4000091552734375 135.5 135.3000030517578125 135.100006103515625 134.6999969482421875 134.600006103515625 134.4000091552734375 134.1999969482421875 133.600006103515625 133.1999969482421875 132.600006103515625 131.9000091552734375 131.5 131.4000091552734375 130.1999969482421875 124.8000030517578125 120.8000030517578125 123.5 119.3000030517578125 108.90000152587890625 107.09999847412109375 106.59999847412109375
143.3000030517578125 142.5 140.600006103515625 138 137.100006103515625 135.8000030517578125 134.600006103515625 135 134.600006103515625 133.8000030517578125 127.70000457763671875 124.3000030517578125 123.8000030517578125 124.90000152587890625 125.09999847412109375 125.3000030517578125 123.90000152587890625 128.1999969482421875 116 139.4000091552734375 138.6999969482421875 137.600006103515625 137.100006103515625 136.5 136.1999969482421875 136.5 136.1999969482421875 136 135.600006103515625 135.4000091552734375 135.5 134.9000091552734375 134.6999969482421875 133.9000091552734375 133.5 132.600006103515625 131.600006103515625 128.4000091552734375 122.40000152587890625 129.8000030517578125 129.600006103515625 125.20000457763671875 115.20000457763671875 112.5 106.8000030517578125
144.1999969482421875 143.5 141.9000091552734375 140.4000091552734375 139.6999969482421875 139.100006103515625 137.600006103515625 135.100006103515625 135.3000030517578125 136.100006103515625 133.100006103515625 127.8000030517578125 125.5 125.59999847412109375 125.8000030517578125 126 126.40000152587890625 124.70000457763671875 116 122.09999847412109375 127.90000152587890625 138.9000091552734375 138.3000030517578125 138.3000030517578125 137.8000030517578125 137.4000091552734375 137.4000091552734375 137.100006103515625 137.100006103515625 136.600006103515625 143.1999969482421875 136.100006103515625 136.5 135.8000030517578125 135.1999969482421875 134.3000030517578125 133 129.6999969482421875 124.59999847412109375 131.8000030517578125 130.600006103515625 128.5 124 124.20000457763671875 114.59999847412109375
146.6999969482421875 146.5 145.9000091552734375 144.9000091552734375 143.6999969482421875 142.3000030517578125 140.3000030517578125 138.100006103515625 136.9000091552734375 134.4000091552734375 132.100006103515625 133.8000030517578125 135.100006103515625 125 125.70000457763671875 126.8000030517578125 128.3000030517578125 125.70000457763671875 127.5 126.59999847412109375 124.5 137.3000030517578125 139 139.600006103515625 139.1999969482421875 138.8000030517578125 138.3000030517578125 137.9000091552734375 137.8000030517578125 137.4000091552734375 137.100006103515625 137.1999969482421875 144.100006103515625 136.600006103515625 136.5 135.8000030517578125 133.600006103515625 127.8000030517578125 127.5 133.1999969482421875 132.600006103515625 131.4000091552734375 131.1999969482421875 130 128.1999969482421875
148.9000091552734375 148.600006103515625 148.5 147.6999969482421875 146.5 145 142.1999969482421875 139.8000030517578125 136.6999969482421875 134 136 135.8000030517578125 136.3000030517578125 133.8000030517578125 126.40000152587890625 126.5 125.09999847412109375 125.09999847412109375 128.8000030517578125 129.100006103515625 129.8000030517578125 130.5 136.6999969482421875 139.5 140 140.1999969482421875 139.6999969482421875 139.600006103515625 139 139.100006103515625 138.5 138 137.600006103515625 137.3000030517578125 136.600006103515625 134.3000030517578125 132 134.4000091552734375 135.3000030517578125 134.9000091552734375 133.100006103515625 132.9000091552734375 128 132.600006103515625 129.100006103515625
151.1999969482421875 150.5 149.6999969482421875 148.8000030517578125 147.4000091552734375 146 143.9000091552734375 141.1999969482421875 138.5 136.8000030517578125 138.3000030517578125 137.8000030517578125 136 136.1999969482421875 127.20000457763671875 127.3000030517578125 128.100006103515625 125.20000457763671875 129.5 130.3000030517578125 130.5 130.9000091552734375 131.4000091552734375 136.3000030517578125 140.4000091552734375 140.6999969482421875 140.9000091552734375 140.5 139.9000091552734375 139.1999969482421875 139.3000030517578125 139.1999969482421875 139.100006103515625 138.3000030517578125 137.8000030517578125 137.600006103515625 136.4000091552734375 132.600006103515625 136.1999969482421875 135.6999969482421875 134.1999969482421875 131.9000091552734375 129.600006103515625 133.600006103515625 129.8000030517578125
152.8000030517578125 151.9000091552734375 150.600006103515625 149.4000091552734375 148.1999969482421875 146.3000030517578125 145 143.9000091552734375 142.3000030517578125 142 141.100006103515625 139.5 138.3000030517578125 137.100006103515625 135.8000030517578125 128 128.1999969482421875 128.600006103515625 129.600006103515625 130.5 131 131.3000030517578125 132.1999969482421875 132.6999969482421875 135.8000030517578125 141.3000030517578125 134.8000030517578125 133.6999969482421875 140.5 140.8000030517578125 140 139.6999969482421875 139.6999969482421875 139.600006103515625 138.9000091552734375 138.6999969482421875 137.9000091552734375 136.1999969482421875 137.100006103515625 138 136.6999969482421875 138.8000030517578125 136.1999969482421875 134.9000091552734375 133.5
