example_data/selke/dem/dem.asc
ncols        206
nrows        204
xllcorner    4432837.500000000000
yllcorner    5724937.500000000000
cellsize     200.000000000000
NODATA_value  -9999
[rows 40 to 59 of 204, columns 0 to 44 of 206]
191.8000030517578125 190 190.600006103515625 190.5 192.3000030517578125 190 186.100006103515625 185.8000030517578125 186.9000091552734375 188.3000030517578125 188.3000030517578125 183 190.3000030517578125 192.8000030517578125 193.5 191.1999969482421875 189.5 184.8000030517578125 182.5 179.4000091552734375 177.4000091552734375 175 173.3000030517578125 174.9000091552734375 178 175.6999969482421875 173.4000091552734375 168 162.6999969482421875 157.5 148.1999969482421875 143.600006103515625 137.9000091552734375 131.8000030517578125 125.3000030517578125 120.40000152587890625 114.5 110.20000457763671875 109.40000152587890625 106.90000152587890625 104.70000457763671875 102.59999847412109375 101.3000030517578125 102.8000030517578125 104
181.9000091552734375 179.4000091552734375 187.100006103515625 179.9000091552734375 179.100006103515625 178.4000091552734375 175.8000030517578125 175 173.5 173.600006103515625 173.9000091552734375 170.600006103515625 179.600006103515625 183.5 185.6999969482421875 185.100006103515625 185.1999969482421875 185.100006103515625 186.4000091552734375 185.9000091552734375 183.100006103515625 179.600006103515625 178.4000091552734375 175.600006103515625 174.100006103515625 172.1999969482421875 169.1999969482421875 162.100006103515625 151.600006103515625 147.4000091552734375 142 138.100006103515625 132.100006103515625 128 122.8000030517578125 118.40000152587890625 114.90000152587890625 111.5 107.59999847412109375 103 101.40000152587890625 101.40000152587890625 101.5 101.8000030517578125 105
174.3000030517578125 170 170.1999969482421875 166.8000030517578125 164.4000091552734375 165 164.6999969482421875 163 163.3000030517578125 162.600006103515625 163.8000030517578125 161.600006103515625 163.3000030517578125 167.4000091552734375 170.4000091552734375 175.100006103515625 177.100006103515625 180.100006103515625 182.1999969482421875 181 178.9000091552734375 179 176.3000030517578125 173.1999969482421875 169.8000030517578125 169.100006103515625 166.1999969482421875 158 151.9000091552734375 144.6999969482421875 135.8000030517578125 127.8000030517578125 123.3000030517578125 120.09999847412109375 115.8000030517578125 112 110.20000457763671875 108.40000152587890625 106.70000457763671875 103.90000152587890625 101.8000030517578125 98.20000457763671875 99.70000457763671875 103.5 104.5
163.1999969482421875 163.600006103515625 161 158.4000091552734375 158.100006103515625 158 157.4000091552734375 157.6999969482421875 156.100006103515625 155.8000030517578125 155.3000030517578125 156 155 158.5 156.9000091552734375 162.5 169.6999969482421875 172.4000091552734375 173.5 173.5 173.6999969482421875 175.1999969482421875 172.4000091552734375 168.5 164.600006103515625 160.6999969482421875 155.9000091552734375 150.3000030517578125 143 137.5 134 129.1999969482421875 123.20000457763671875 117.8000030517578125 114.09999847412109375 110.09999847412109375 107 103.8000030517578125 100.90000152587890625 100.8000030517578125 101.20000457763671875 100.20000457763671875 97.5 99 101.20000457763671875
159.4000091552734375 159.4000091552734375 157.8000030517578125 153.5 153.1999969482421875 152.6999969482421875 151.6999969482421875 151.9000091552734375 150.9000091552734375 150.600006103515625 150.3000030517578125 150.4000091552734375 150.3000030517578125 153.6999969482421875 149.100006103515625 153.3000030517578125 161 164 161.600006103515625 160.6999969482421875 162.9000091552734375 166.3000030517578125 162.600006103515625 159.600006103515625 155.600006103515625 152.9000091552734375 148.100006103515625 147.9000091552734375 138.5 129.4000091552734375 126.09999847412109375 125.40000152587890625 123.90000152587890625 122.20000457763671875 118.5 114.8000030517578125 111.8000030517578125 108.3000030517578125 103.3000030517578125 98.09999847412109375 95.90000152587890625 94.5 94.70000457763671875 96.09999847412109375 101.40000152587890625
151.4000091552734375 153.8000030517578125 152.8000030517578125 151.8000030517578125 148.600006103515625 148 146.9000091552734375 146.3000030517578125 145.600006103515625 145.3000030517578125 145.100006103515625 144.600006103515625 145.5 147.4000091552734375 146.4000091552734375 149.600006103515625 150.600006103515625 152 150.600006103515625 150.1999969482421875 150.100006103515625 150.6999969482421875 149.8000030517578125 148.100006103515625 144.1999969482421875 141.6999969482421875 135.5 136.4000091552734375 133.9000091552734375 132.1999969482421875 127.3000030517578125 118.3000030517578125 114.20000457763671875 117.40000152587890625 116.8000030517578125 114.5 110.59999847412109375 105 99.59999847412109375 95.8000030517578125 95.09999847412109375 93.59999847412109375 92.40000152587890625 92.70000457763671875 91.20000457763671875
146.5 146.9000091552734375 147 148.3000030517578125 145.8000030517578125 141.600006103515625 141.1999969482421875 141.100006103515625 140.3000030517578125 140.600006103515625 141.4000091552734375 140.4000091552734375 139 139.8000030517578125 138.1999969482421875 139.600006103515625 141.3000030517578125 142.5 144.100006103515625 143.600006103515625 141.5 139.1999969482421875 139.8000030517578125 139.3000030517578125 138.8000030517578125 133.600006103515625 130.1999969482421875 126.5 124.90000152587890625 123.8000030517578125 121.59999847412109375 118.8000030517578125 112.59999847412109375 111.8000030517578125 108.40000152587890625 111.5 109.40000152587890625 101.90000152587890625 97.59999847412109375 94.40000152587890625 93.8000030517578125 92.59999847412109375 92.20000457763671875 91.09999847412109375 91.3000030517578125
143.1999969482421875 142 141.5 143 141.3000030517578125 139.1999969482421875 135.8000030517578125 136.100006103515625 136.4000091552734375 135.8000030517578125 136.100006103515625 137.100006103515625 134.9000091552734375 134.3000030517578125 133.5 134.100006103515625 135.4000091552734375 135 136.5 139.1999969482421875 140.100006103515625 134.4000091552734375 130.5 136.9000091552734375 138.1999969482421875 133.5 129.3000030517578125 122.3000030517578125 118.5 118.20000457763671875 114.09999847412109375 110.20000457763671875 106.59999847412109375 103.90000152587890625 100.90000152587890625 100 98.09999847412109375 96.59999847412109375 94.20000457763671875 93.3000030517578125 92.90000152587890625 92.5 92.3000030517578125 92.20000457763671875 92
140.3000030517578125 136.600006103515625 136.600006103515625 137.9000091552734375 137.4000091552734375 135.9000091552734375 132 132.1999969482421875 133.3000030517578125 131.4000091552734375 132 132.9000091552734375 131.1999969482421875 128.100006103515625 128.4000091552734375 130.1999969482421875 131 130 131.8000030517578125 132.1999969482421875 132.5 133.4000091552734375 127.09999847412109375 132.9000091552734375 132.9000091552734375 129.4000091552734375 127.70000457763671875 123.8000030517578125 120.20000457763671875 113.5 111 107.09999847412109375 105 103 98.8000030517578125 96.90000152587890625 95.09999847412109375 94.40000152587890625 93.8000030517578125 92.8000030517578125 92.8000030517578125 93.09999847412109375 94.09999847412109375 93.5 92.90000152587890625
139 136.100006103515625 132.1999969482421875 133.6999969482421875 134.600006103515625 132.4000091552734375 129.8000030517578125 129.8000030517578125 130.3000030517578125 129.1999969482421875 126.70000457763671875 128.100006103515625 127.3000030517578125 124.40000152587890625 124.3000030517578125 126.09999847412109375 126.59999847412109375 126.59999847412109375 124.3000030517578125 124.8000030517578125 125.90000152587890625 125.40000152587890625 118.20000457763671875 123.70000457763671875 122.90000152587890625 124.70000457763671875 122.40000152587890625 119.5 117.90000152587890625 115.90000152587890625 111.90000152587890625 106.5 103.8000030517578125 101.59999847412109375 98.5 96.09999847412109375 94.70000457763671875 94.20000457763671875 94.3000030517578125 94.3000030517578125 93.70000457763671875 93.5 93 92.90000152587890625 92.5
135.100006103515625 134.8000030517578125 132.5 128.9000091552734375 128.9000091552734375 128.4000091552734375 127.5 124.70000457763671875 127 126.90000152587890625 125.40000152587890625 123.5 124.3000030517578125 121.5 120.90000152587890625 123.40000152587890625 123.20000457763671875 124.3000030517578125 123.70000457763671875 119.70000457763671875 119.40000152587890625 119.70000457763671875 114.3000030517578125 117.8000030517578125 117.5 119.8000030517578125 118 115.40000152587890625 112.59999847412109375 111.90000152587890625 111.09999847412109375 107.70000457763671875 100.90000152587890625 100.20000457763671875 97.3000030517578125 95.3000030517578125 95.3000030517578125 95.20000457763671875 94.70000457763671875 94.20000457763671875 94.40000152587890625 95.3000030517578125 94 92.5 92.20000457763671875
135.100006103515625 130.100006103515625 127.20000457763671875 126.5 126.20000457763671875 122.8000030517578125 123.5 121.40000152587890625 123.40000152587890625 124.90000152587890625 123.3000030517578125 120.40000152587890625 120.09999847412109375 119.09999847412109375 117.8000030517578125 119.70000457763671875 120.5 120.09999847412109375 121.3000030517578125 120.59999847412109375 120.70000457763671875 115.5 110.8000030517578125 110.70000457763671875 112.20000457763671875 113.70000457763671875 112.3000030517578125 110.40000152587890625 109.5 105.70000457763671875 105.8000030517578125 104.8000030517578125 102 99.59999847412109375 95.90000152587890625 95.70000457763671875 94.90000152587890625 94.90000152587890625 94.59999847412109375 99.70000457763671875 101.5 99.70000457763671875 94.3000030517578125 92.3000030517578125 92.59999847412109375
137.5 136.100006103515625 135 131.6999969482421875 128.600006103515625 127.09999847412109375 122.5 120.90000152587890625 118.59999847412109375 118.90000152587890625 120.70000457763671875 119.90000152587890625 116.8000030517578125 115.8000030517578125 115 116 116.5 115 111.8000030517578125 112.3000030517578125 111.09999847412109375 110.3000030517578125 109.40000152587890625 108.20000457763671875 107.40000152587890625 106.40000152587890625 105.20000457763671875 105.40000152587890625 102.40000152587890625 102.09999847412109375 101.20000457763671875 98.8000030517578125 97 97 96.09999847412109375 95.90000152587890625 95.20000457763671875 98.3000030517578125 103.3000030517578125 103.90000152587890625 104 103.09999847412109375 98.20000457763671875 94.59999847412109375 94.59999847412109375
136.8000030517578125 136.8000030517578125 135.5 134.6999969482421875 134.100006103515625 130.9000091552734375 130.100006103515625 129 123.90000152587890625 120.3000030517578125 117.70000457763671875 115.09999847412109375 114.5 113 112.20000457763671875 111 111.8000030517578125 108.59999847412109375 108.09999847412109375 107.5 106.90000152587890625 106 105.5 104.70000457763671875 104 103.3000030517578125 101.3000030517578125 100.8000030517578125 99.90000152587890625 99.3000030517578125 99.40000152587890625 98.5 97.3000030517578125 96.09999847412109375 98.70000457763671875 98.5 99.3000030517578125 101.8000030517578125 103.09999847412109375 105.09999847412109375 105.90000152587890625 106.5 102.8000030517578125 103.20000457763671875 101.20000457763671875
128.9000091552734375 127 126.20000457763671875 124.8000030517578125 123.59999847412109375 123.40000152587890625 122.20000457763671875 121.90000152587890625 125.5 124.09999847412109375 121.90000152587890625 120.5 119 115.90000152587890625 115.09999847412109375 111.90000152587890625 109.8000030517578125 108.70000457763671875 108.5 113.09999847412109375 114.90000152587890625 129.600006103515625 120.5 105.3000030517578125 114.8000030517578125 112.40000152587890625 107.3000030517578125 100.20000457763671875 99.59999847412109375 99.20000457763671875 98.59999847412109375 99.40000152587890625 105.20000457763671875 113.3000030517578125 104.20000457763671875 107.5 105.8000030517578125 104 104 106.09999847412109375 106.5 106.5 105.8000030517578125 104.40000152587890625 103.40000152587890625
125.09999847412109375 125.3000030517578125 125.70000457763671875 126.40000152587890625 128.100006103515625 126.09999847412109375 125 121.70000457763671875 120.90000152587890625 118.40000152587890625 117.90000152587890625 118.5 118.20000457763671875 114.70000457763671875 112.20000457763671875 111.3000030517578125 111.20000457763671875 111.20000457763671875 116.5 113.8000030517578125 112.40000152587890625 113.8000030517578125 112.5 108.3000030517578125 109 105.3000030517578125 100.70000457763671875 100.5 99.70000457763671875 99.8000030517578125 98.59999847412109375 100.3000030517578125 107.8000030517578125 110.59999847412109375 110.40000152587890625 109.8000030517578125 107.5 106.70000457763671875 107 106.8000030517578125 106.20000457763671875 106.09999847412109375 104.8000030517578125 103.8000030517578125 104.59999847412109375
135.5 134.100006103515625 133 131.600006103515625 131.8000030517578125 131.1999969482421875 130.100006103515625 129 127.59999847412109375 126.20000457763671875 125.59999847412109375 124.20000457763671875 122.5 118.8000030517578125 118.59999847412109375 125.59999847412109375 123.90000152587890625 121.5 116 114.90000152587890625 116.3000030517578125 114.40000152587890625 109.70000457763671875 101.70000457763671875 101.59999847412109375 102.09999847412109375 101.90000152587890625 97.90000152587890625 97.90000152587890625 100.90000152587890625 100.90000152587890625 105.3000030517578125 109.3000030517578125 112 112.40000152587890625 112.3000030517578125 109.20000457763671875 106.3000030517578125 105.40000152587890625 105.59999847412109375 106.8000030517578125 105.70000457763671875 104.3000030517578125 104.40000152587890625 104.09999847412109375
135.4000091552734375 136.100006103515625 135.5 134.600006103515625 132.4000091552734375 130.3000030517578125 128.9000091552734375 128.100006103515625 126.09999847412109375 124.70000457763671875 122.5 121 119.59999847412109375 119.8000030517578125 121.90000152587890625 121.59999847412109375 121 119.90000152587890625 118 116.09999847412109375 114.40000152587890625 112.20000457763671875 104.40000152587890625 102.5 102.59999847412109375 99 99 101.20000457763671875 101.20000457763671875 105.90000152587890625 109.20000457763671875 109.3000030517578125 109.59999847412109375 110.40000152587890625 110.3000030517578125 109.59999847412109375 106.90000152587890625 104.90000152587890625 103.09999847412109375 102.70000457763671875 104.40000152587890625 105.20000457763671875 105.90000152587890625 104.90000152587890625 104.20000457763671875
132.6999969482421875 133.9000091552734375 133.8000030517578125 132.5 131.600006103515625 130.3000030517578125 129.8000030517578125 128.100006103515625 124.90000152587890625 124.40000152587890625 124.90000152587890625 124.20000457763671875 123.59999847412109375 123.09999847412109375 122.40000152587890625 121.3000030517578125 120.40000152587890625 119.40000152587890625 117.40000152587890625 114.90000152587890625 108.09999847412109375 104.5 104.90000152587890625 103 99 99 99 101.40000152587890625 104.09999847412109375 107.70000457763671875 107.5 108.70000457763671875 108.59999847412109375 107 105.8000030517578125 105.8000030517578125 106.20000457763671875 105.20000457763671875 103.20000457763671875 100.09999847412109375 100.09999847412109375 99.09999847412109375 99.09999847412109375 99.40000152587890625 99.70000457763671875
131 130.8000030517578125 130.3000030517578125 129.9000091552734375 129.4000091552734375 127.90000152587890625 127.40000152587890625 126.3000030517578125 126.70000457763671875 126.70000457763671875 125.59999847412109375 125.5 125.09999847412109375 123.20000457763671875 122.20000457763671875 122.09999847412109375 120.09999847412109375 115.8000030517578125 110.09999847412109375 106.90000152587890625 104.8000030517578125 103 103 103 104.8000030517578125 104.40000152587890625 104.40000152587890625 102.40000152587890625 101.3000030517578125 101.20000457763671875 102.70000457763671875 106.09999847412109375 106.90000152587890625 107.8000030517578125 107.5 107.3000030517578125 108 106.40000152587890625 104.5 100.90000152587890625 96.90000152587890625 94.59999847412109375 93.5 93.40000152587890625 93.8000030517578125
