example_data/selke/layers/egm_base.asc
ncols 206
nrows 204
xllcorner 4432837.5
yllcorner 5724937.5
cellsize 200.0
NODATA_value -9999.0
[rows 0 to 24 of 204, columns 57 to 113 of 206]
-9999.0000 -9999.0000 -9999.0000 -9999.0000 -9999.0000 -9999.0000 -9999.0000 -9999.0000 -9999.0000 -9999.0000 -9999.0000 -9999.0000 -9999.0000 -9999.0000 31.6753 35.9015 37.4622 40.0284 38.9719 43.6262 -9999.0000 -9999.0000 -9999.0000 -9999.0000 -9999.0000 -9999.0000 -9999.0000 -9999.0000 -9999.0000 -9999.0000 -9999.0000 -9999.0000 -9999.0000 -9999.0000 -9999.0000 -9999.0000 -9999.0000 -9999.0000 -9999.0000 -9999.0000 -9999.0000 -9999.0000 -9999.0000 -9999.0000 -9999.0000 -9999.0000 -9999.0000 -9999.0000 -9999.0000 -9999.0000 -9999.0000 -9999.0000 -9999.0000 -9999.0000 -9999.0000 -9999.0000 -9999.0000
-9999.0000 -9999.0000 -9999.0000 -9999.0000 -9999.0000 -9999.0000 -9999.0000 -9999.0000 -9999.0000 -9999.0000 -9999.0000 -9999.0000 -9999.0000 -9999.0000 37.1963 43.1053 42.5333 47.4428 46.8883 46.5377 42.1071 41.6685 -9999.0000 -9999.0000 -9999.0000 -9999.0000 -9999.0000 -9999.0000 -9999.0000 -9999.0000 -9999.0000 -9999.0000 -9999.0000 -9999.0000 -9999.0000 -9999.0000 -9999.0000 -9999.0000 -9999.0000 -9999.0000 -9999.0000 -9999.0000 -9999.0000 -9999.0000 -9999.0000 -9999.0000 -9999.0000 -9999.0000 -9999.0000 -9999.0000 -9999.0000 -9999.0000 -9999.0000 -9999.0000 -9999.0000 -9999.0000 -9999.0000
-9999.0000 -9999.0000 -9999.0000 -9999.0000 -9999.0000 -9999.0000 -9999.0000 -9999.0000 -9999.0000 -9999.0000 -9999.0000 -9999.0000 -9999.0000 -9999.0000 -9999.0000 38.1032 42.9148 48.9807 48.6999 42.1893 42.1564 40.7418 38.3005 -9999.0000 -9999.0000 -9999.0000 -9999.0000 -9999.0000 -9999.0000 -9999.0000 -9999.0000 -9999.0000 -9999.0000 -9999.0000 -9999.0000 -9999.0000 -9999.0000 -9999.0000 -9999.0000 -9999.0000 -9999.0000 -9999.0000 -9999.0000 -9999.0000 -9999.0000 -9999.0000 -9999.0000 -9999.0000 -9999.0000 -9999.0000 -9999.0000 -9999.0000 -9999.0000 -9999.0000 -9999.0000 -9999.0000 -9999.0000
-9999.0000 -9999.0000 -9999.0000 -9999.0000 -9999.0000 -9999.0000 -9999.0000 -9999.0000 -9999.0000 -9999.0000 -9999.0000 -9999.0000 -9999.0000 -9999.0000 -9999.0000 38.5568 40.3628 42.7948 42.5962 39.7812 35.3766 37.6085 36.5511 31.6635 -9999.0000 -9999.0000 -9999.0000 -9999.0000 -9999.0000 -9999.0000 -9999.0000 -9999.0000 -9999.0000 -9999.0000 -9999.0000 -9999.0000 -9999.0000 -9999.0000 -9999.0000 -9999.0000 -9999.0000 -9999.0000 -9999.0000 -9999.0000 -9999.0000 -9999.0000 -9999.0000 -9999.0000 -9999.0000 -9999.0000 -9999.0000 -9999.0000 -9999.0000 -9999.0000 -9999.0000 -9999.0000 -9999.0000
-9999.0000 -9999.0000 -9999.0000 -9999.0000 -9999.0000 -9999.0000 -9999.0000 -9999.0000 -9999.0000 -9999.0000 -9999.0000 -9999.0000 -9999.0000 -9999.0000 -9999.0000 -9999.0000 32.8463 31.2562 31.1386 32.5282 32.3112 28.5664 30.9775 27.4620 26.0960 21.9114 19.2304 16.3962 15.1640 -9999.0000 -9999.0000 -9999.0000 -9999.0000 -9999.0000 -9999.0000 -9999.0000 -9999.0000 -9999.0000 -9999.0000 -9999.0000 -9999.0000 -9999.0000 -9999.0000 -9999.0000 -9999.0000 -9999.0000 -9999.0000 -9999.0000 -9999.0000 -9999.0000 -9999.0000 -9999.0000 -9999.0000 -9999.0000 -9999.0000 -9999.0000 -9999.0000
-9999.0000 -9999.0000 -9999.0000 -9999.0000 -9999.0000 -9999.0000 -9999.0000 -9999.0000 -9999.0000 -9999.0000 -9999.0000 -9999.0000 -9999.0000 -9999.0000 -9999.0000 -9999.0000 27.4441 24.6716 24.3370 26.9638 29.3013 29.3270 26.2200 29.9965 23.3185 23.6070 18.8088 15.2753 15.1046 15.1121 14.5447 -9999.0000 -9999.0000 -9999.0000 -9999.0000 -9999.0000 -9999.0000 -9999.0000 -9999.0000 -9999.0000 -9999.0000 -9999.0000 -9999.0000 -9999.0000 -9999.0000 -9999.0000 -9999.0000 -9999.0000 -9999.0000 -9999.0000 -9999.0000 -9999.0000 -9999.0000 -9999.0000 -9999.0000 -9999.0000 -9999.0000
-9999.0000 -9999.0000 -9999.0000 -9999.0000 -9999.0000 -9999.0000 -9999.0000 -9999.0000 -9999.0000 -9999.0000 -9999.0000 -9999.0000 -9999.0000 -9999.0000 -9999.0000 -9999.0000 22.1440 21.0024 20.8019 22.7162 26.0714 28.8306 29.0029 25.7488 27.3967 19.7729 18.8584 20.4982 15.4206 14.1541 14.3921 14.5206 15.1608 -9999.0000 -9999.0000 -9999.0000 -9999.0000 -9999.0000 -9999.0000 -9999.0000 -9999.0000 -9999.0000 -9999.0000 -9999.0000 -9999.0000 -9999.0000 -9999.0000 -9999.0000 -9999.0000 -9999.0000 -9999.0000 -9999.0000 -9999.0000 -9999.0000 -9999.0000 -9999.0000 -9999.0000
-9999.0000 -9999.0000 -9999.0000 -9999.0000 -9999.0000 -9999.0000 -9999.0000 -9999.0000 -9999.0000 -9999.0000 -9999.0000 -9999.0000 -9999.0000 -9999.0000 -9999.0000 -9999.0000 21.2558 20.7580 20.5759 21.5224 23.7519 27.1291 28.5052 28.3823 25.1034 23.6510 18.2354 19.6617 21.2366 14.2599 15.0723 15.2689 15.6929 15.2030 -9999.0000 -9999.0000 -9999.0000 -9999.0000 -9999.0000 -9999.0000 -9999.0000 -9999.0000 -9999.0000 -9999.0000 -9999.0000 -9999.0000 -9999.0000 -9999.0000 -9999.0000 -9999.0000 -9999.0000 -9999.0000 -9999.0000 -9999.0000 -9999.0000 -9999.0000 -9999.0000
-9999.0000 -9999.0000 -9999.0000 -9999.0000 -9999.0000 -9999.0000 -9999.0000 37.0966 30.3714 31.4907 32.2718 -9999.0000 -9999.0000 -9999.0000 -9999.0000 -9999.0000 22.1702 22.0069 21.7781 22.0503 23.0842 24.4840 25.7535 27.7658 27.9210 21.8737 23.0045 19.2297 20.7866 22.5865 24.8873 16.3773 12.7809 17.1353 17.1522 16.8800 16.5249 22.5612 40.9559 21.4927 17.9877 23.0880 -9999.0000 -9999.0000 -9999.0000 -9999.0000 -9999.0000 -9999.0000 -9999.0000 -9999.0000 -9999.0000 -9999.0000 -9999.0000 -9999.0000 -9999.0000 -9999.0000 -9999.0000
-9999.0000 -9999.0000 -9999.0000 -9999.0000 -9999.0000 -9999.0000 46.5368 32.5350 31.9530 31.3300 32.3085 33.1771 31.0509 28.4723 27.3508 26.5492 24.8119 23.7457 23.5666 23.5568 22.6033 23.0706 24.4013 26.5253 25.5324 24.6182 19.1274 19.5001 20.6312 22.3123 24.4518 26.9319 33.2664 17.7892 16.9415 16.7429 16.9555 15.8764 13.8074 13.3401 15.2178 25.4051 28.6412 32.3532 39.6318 45.4443 49.0688 -9999.0000 -9999.0000 -9999.0000 -9999.0000 -9999.0000 -9999.0000 -9999.0000 -9999.0000 -9999.0000 -9999.0000
-9999.0000 -9999.0000 -9999.0000 -9999.0000 -9999.0000 -9999.0000 32.6638 34.1015 29.4618 36.0414 34.4621 32.7405 29.8346 28.4515 27.1307 26.4701 26.0469 25.7900 25.4316 24.6926 23.9026 23.5310 23.8305 24.6356 24.3627 25.0415 19.3232 19.6636 20.7567 22.0554 26.1231 30.6357 30.8568 31.9556 24.9164 26.3093 28.1777 29.4035 28.0667 27.0765 24.9343 25.1448 27.7296 32.5541 40.4881 45.8533 49.9915 51.3617 58.8773 -9999.0000 -9999.0000 -9999.0000 56.4245 -9999.0000 -9999.0000 -9999.0000 -9999.0000
-9999.0000 -9999.0000 -9999.0000 -9999.0000 -9999.0000 -9999.0000 34.6922 31.3548 33.9672 37.5324 38.1387 33.4737 30.3836 29.3212 28.8253 28.3593 28.1114 27.8865 27.5058 26.6499 25.5796 24.4595 24.0318 23.9624 23.3538 23.7275 19.9047 19.7676 20.5844 22.8683 26.9719 27.0174 27.6006 29.1604 31.8926 34.5488 31.1280 33.0880 33.9418 30.6367 31.4364 30.6413 34.8708 38.2817 43.8586 50.7175 54.9966 62.0578 63.0107 61.4030 61.4717 60.5805 54.3640 54.3291 51.0349 -9999.0000 -9999.0000
-9999.0000 -9999.0000 -9999.0000 -9999.0000 -9999.0000 -9999.0000 37.4549 35.8577 35.5271 37.4476 38.4721 34.9959 33.9885 30.9603 30.7351 30.4109 30.1566 29.9673 29.6186 28.6881 27.2876 25.9001 26.0758 24.4081 22.9576 22.1167 20.2239 19.6934 24.4874 24.5061 23.8738 24.1029 24.9578 27.2905 30.8931 34.9579 39.9640 37.9086 37.6337 39.5877 39.4615 39.7260 42.7925 46.7062 50.0281 54.7088 64.6451 64.7661 63.3510 65.3998 62.2002 57.2390 54.3124 49.3290 49.4465 51.9037 53.9869
-9999.0000 -9999.0000 -9999.0000 -9999.0000 -9999.0000 42.0808 43.9812 42.2978 36.7621 41.6360 40.6151 37.4491 36.1452 32.9296 32.9162 32.6911 32.4919 32.2326 32.0116 31.1424 29.4835 27.4415 28.2037 25.5547 23.3363 21.3321 21.4783 22.9471 22.8658 21.8354 21.5544 21.9603 23.5085 26.2696 30.1042 34.1810 39.2243 39.3261 42.4911 47.0745 50.5021 52.6531 52.4747 53.8413 56.2914 60.6182 63.8432 63.4175 63.4986 67.2965 67.3488 55.3064 49.5712 51.1413 51.6833 52.7074 53.7777
-9999.0000 -9999.0000 -9999.0000 -9999.0000 -9999.0000 44.0088 44.8064 42.5924 43.3310 44.6393 43.3295 40.5830 38.4981 38.7428 35.2246 34.9388 34.6812 34.5255 34.4560 33.7637 31.9663 32.7352 30.4021 27.2761 24.0465 24.1850 23.3418 21.6678 20.3630 19.9661 19.8463 21.0822 23.2051 25.7774 29.3416 33.2901 36.3559 41.6526 46.9839 52.5336 59.9849 65.0859 60.2116 59.0563 62.1412 64.4236 67.8098 67.6947 71.5928 70.1583 66.4764 62.3363 58.3967 55.5934 53.1971 53.2594 54.2616
-9999.0000 -9999.0000 -9999.0000 -9999.0000 -9999.0000 44.9935 43.2388 44.0087 49.3229 50.7234 47.5630 44.2689 40.9015 41.3870 40.7998 37.2236 39.0648 37.5577 36.9908 36.8150 36.9425 35.8351 33.0934 29.0735 26.1555 24.3556 22.1942 19.5677 18.5633 18.4290 19.4036 21.0534 23.1463 25.5631 28.8126 32.1086 37.1413 43.2788 50.4164 56.0474 61.8400 64.7753 61.3428 59.1357 61.0663 64.2455 68.9472 74.2000 69.6960 68.5220 66.2112 61.2689 57.0492 58.8525 53.8852 55.1518 55.1602
-9999.0000 -9999.0000 -9999.0000 -9999.0000 -9999.0000 47.0793 46.9353 50.5281 52.1202 53.7247 51.7850 48.7950 44.0397 44.4027 43.0695 43.6618 42.4223 39.7555 39.5882 40.2284 40.8067 39.5828 36.5216 32.1173 27.8692 24.3707 20.3248 18.1589 17.1468 18.0547 19.5136 21.3393 23.4152 25.5696 28.6767 32.0563 36.4541 40.6497 44.4690 50.4969 54.4527 57.3121 55.9280 67.2695 66.4886 76.6930 75.8000 74.5000 70.9948 68.1008 66.1134 63.6689 63.0251 64.5402 64.7782 56.5134 56.4544
-9999.0000 -9999.0000 -9999.0000 -9999.0000 -9999.0000 -9999.0000 51.0639 55.2936 56.8858 57.1088 55.9042 54.0119 47.6858 47.7093 49.2062 46.9181 43.8891 42.1524 42.0627 43.9157 44.8371 44.0776 40.9485 35.3974 29.3097 23.8331 19.7772 17.4625 16.7713 18.2893 19.8737 21.5932 23.6927 25.5156 28.0314 31.4799 35.1335 39.1362 59.3229 58.1883 54.7504 52.2507 56.1763 59.3614 68.9067 77.3332 76.5670 78.8073 76.4710 70.5801 67.9090 68.4090 66.5143 67.4237 69.2456 69.7047 64.1658
-9999.0000 -9999.0000 -9999.0000 -9999.0000 -9999.0000 -9999.0000 57.6443 59.8334 62.5464 62.5944 60.0972 58.2067 52.1545 53.1586 53.3424 48.3779 46.5682 44.6056 44.4503 47.1813 48.9232 48.7345 45.0784 37.9624 30.7891 25.0496 20.3611 18.4591 17.7448 18.7352 20.3650 22.1041 24.3686 25.5243 28.2630 31.0024 29.4625 34.9559 53.5652 53.0662 46.9688 46.7444 54.7697 58.4332 62.6983 66.9521 75.1636 81.1272 78.5249 74.4753 72.6197 73.5602 70.1667 70.3485 71.8245 72.8554 71.3047
-9999.0000 -9999.0000 -9999.0000 -9999.0000 -9999.0000 -9999.0000 -9999.0000 64.3863 67.5082 68.7393 66.0446 62.8496 59.3558 56.4423 54.8460 51.1560 49.1999 47.2898 47.0441 50.0853 51.6490 51.8613 47.9996 41.3917 33.3447 27.4726 22.9099 20.7869 19.4229 20.0711 21.1399 22.9934 25.4629 26.1953 28.6861 24.5807 29.3028 31.0770 31.8998 29.8253 43.3985 47.0861 52.7859 57.8860 65.0769 67.7408 70.9855 75.7501 83.2226 81.4924 78.0148 77.9379 78.4212 74.5300 74.4892 75.9313 74.6723
-9999.0000 -9999.0000 -9999.0000 -9999.0000 -9999.0000 -9999.0000 -9999.0000 68.0067 72.1256 73.9382 72.1069 69.8498 61.9609 56.5263 57.8520 53.6608 51.5740 50.3443 50.1604 51.9491 53.2637 52.6359 49.3564 41.6171 35.8241 30.6488 26.3520 23.8832 21.8539 21.6647 22.8565 24.4481 24.6547 25.2098 28.9090 31.5650 47.1982 35.6341 30.7353 31.6629 30.2368 52.2602 53.6476 59.1673 63.8730 70.3083 69.0468 72.5778 78.0718 89.1735 86.4209 84.9069 83.4015 83.4716 80.3508 78.2805 79.1024
-9999.0000 -9999.0000 -9999.0000 -9999.0000 -9999.0000 -9999.0000 -9999.0000 -9999.0000 -9999.0000 72.7236 72.3727 73.5959 65.1323 58.4749 59.2429 57.8248 55.3233 53.8401 53.8769 54.6568 54.5170 54.0468 45.9552 42.2587 37.7837 34.0873 30.0210 27.3044 38.3241 37.3528 38.1408 39.6281 41.6315 43.9316 46.9145 52.1239 50.6411 47.2413 40.3250 34.5762 39.8516 58.5930 60.6975 66.1526 71.8119 74.9120 76.5083 81.4048 84.2681 91.6042 95.5247 92.5144 90.4457 88.7647 84.3105 82.0868 83.3728
-9999.0000 -9999.0000 -9999.0000 -9999.0000 -9999.0000 -9999.0000 -9999.0000 -9999.0000 -9999.0000 -9999.0000 -9999.0000 -9999.0000 65.7344 61.0499 61.3493 60.4426 60.1669 59.5893 59.1684 58.0280 56.3621 51.8151 48.6644 43.0358 39.7301 36.7215 33.2344 43.0443 62.0098 59.2182 55.8466 48.4020 46.3832 46.0994 48.2937 49.1339 47.8536 45.5318 40.8609 39.5159 39.3383 53.4884 61.4252 62.6140 67.9675 73.8352 79.5864 82.7927 90.4594 95.4582 102.2538 98.9506 96.2967 92.0763 85.5224 81.9394 80.7790
-9999.0000 -9999.0000 -9999.0000 -9999.0000 -9999.0000 -9999.0000 -9999.0000 -9999.0000 -9999.0000 -9999.0000 -9999.0000 -9999.0000 -9999.0000 -9999.0000 -9999.0000 61.7820 65.1691 66.4853 66.0464 62.3087 58.8296 56.2824 54.1518 54.4123 49.5796 47.4749 63.7653 62.9464 63.5810 56.5285 56.8547 54.8184 50.5566 48.0942 48.3093 50.2177 46.0532 43.2917 44.5300 42.1756 37.8119 50.4029 54.6863 57.8994 62.7363 69.9146 75.2046 80.8512 87.4499 95.3390 106.1349 103.2094 99.4173 93.7666 89.5986 82.4910 81.2202
-9999.0000 -9999.0000 -9999.0000 -9999.0000 -9999.0000 -9999.0000 -9999.0000 -9999.0000 -9999.0000 -9999.0000 -9999.0000 -9999.0000 -9999.0000 -9999.0000 -9999.0000 -9999.0000 67.7037 71.4569 70.9188 66.7816 62.3932 45.4344 62.2248 71.4106 69.1577 68.4461 65.3545 64.9267 59.1248 58.0526 57.1963 56.0052 52.8517 50.2626 49.8328 47.3308 44.1114 45.4739 42.2794 40.0694 37.4938 52.0805 54.3662 60.6990 63.1634 66.3600 74.0979 81.2640 86.3925 93.6366 102.4551 104.8535 100.9979 94.9495 88.7916 81.9936 83.0526
