example_data/selke/layers/htgwl5_base.asc
ncols 206
nrows 204
xllcorner 4432837.5
yllcorner 5724937.5
cellsize 200.0
NODATA_value -9999.0
[rows 0 to 25 of 204, columns 58 to 115 of 206]
-9999.0000 -9999.0000 -9999.0000 -9999.0000 -9999.0000 -9999.0000 -9999.0000 -9999.0000 -9999.0000 -9999.0000 38.7677 29.6115 31.0957 11.4110 15.2163 19.2509 30.3279 26.1266 33.5703 -9999.0000 -9999.0000 -9999.0000 -9999.0000 -9999.0000 -9999.0000 -9999.0000 -9999.0000 -9999.0000 -9999.0000 -9999.0000 -9999.0000 -9999.0000 -9999.0000 -9999.0000 -9999.0000 -9999.0000 -9999.0000 -9999.0000 -9999.0000 -9999.0000 -9999.0000 -9999.0000 -9999.0000 -9999.0000 -9999.0000 -9999.0000 -9999.0000 -9999.0000 -9999.0000 -9999.0000 -9999.0000 -9999.0000 -9999.0000 -9999.0000 -9999.0000 -9999.0000 -9999.0000 -9999.0000
-9999.0000 -9999.0000 -9999.0000 -9999.0000 -9999.0000 -9999.0000 -9999.0000 -9999.0000 -9999.0000 -9999.0000 43.2616 43.4299 43.9089 36.1963 36.2184 27.2952 40.6560 38.5185 34.1426 35.4934 32.4727 -9999.0000 -9999.0000 -9999.0000 -9999.0000 -9999.0000 -9999.0000 -9999.0000 -9999.0000 -9999.0000 -9999.0000 -9999.0000 -9999.0000 -9999.0000 -9999.0000 -9999.0000 -9999.0000 -9999.0000 -9999.0000 -9999.0000 -9999.0000 -9999.0000 -9999.0000 -9999.0000 -9999.0000 -9999.0000 -9999.0000 -9999.0000 -9999.0000 -9999.0000 -9999.0000 -9999.0000 -9999.0000 -9999.0000 -9999.0000 -9999.0000 -9999.0000 -9999.0000
-9999.0000 -9999.0000 -9999.0000 -9999.0000 -9999.0000 -9999.0000 -9999.0000 -9999.0000 -9999.0000 43.1861 45.0633 44.9891 45.2735 45.8269 22.1189 35.9018 41.3557 41.0104 32.0135 29.2347 32.6900 27.9806 -9999.0000 -9999.0000 -9999.0000 -9999.0000 -9999.0000 -9999.0000 -9999.0000 -9999.0000 -9999.0000 -9999.0000 -9999.0000 -9999.0000 -9999.0000 -9999.0000 -9999.0000 -9999.0000 -9999.0000 -9999.0000 -9999.0000 -9999.0000 -9999.0000 -9999.0000 -9999.0000 -9999.0000 -9999.0000 -9999.0000 -9999.0000 -9999.0000 -9999.0000 -9999.0000 -9999.0000 -9999.0000 -9999.0000 -9999.0000 -9999.0000 -9999.0000
-9999.0000 -9999.0000 -9999.0000 -9999.0000 -9999.0000 -9999.0000 -9999.0000 -9999.0000 -9999.0000 42.3456 42.0740 41.8450 41.7154 33.8147 37.5568 31.7057 33.1003 33.2409 30.9731 22.4801 23.3940 27.8576 21.8971 -9999.0000 -9999.0000 -9999.0000 -9999.0000 -9999.0000 -9999.0000 -9999.0000 -9999.0000 -9999.0000 -9999.0000 -9999.0000 -9999.0000 -9999.0000 -9999.0000 -9999.0000 -9999.0000 -9999.0000 -9999.0000 -9999.0000 -9999.0000 -9999.0000 -9999.0000 -9999.0000 -9999.0000 -9999.0000 -9999.0000 -9999.0000 -9999.0000 -9999.0000 -9999.0000 -9999.0000 -9999.0000 -9999.0000 -9999.0000 -9999.0000
-9999.0000 -9999.0000 -9999.0000 -9999.0000 -9999.0000 -9999.0000 -9999.0000 -9999.0000 34.6792 35.8336 35.2798 34.7260 29.0998 37.6143 37.0117 31.8463 22.5952 22.3333 23.6822 23.8572 16.4373 18.3574 19.4764 15.6152 11.8301 4.9722 -1.6981 -7.2919 -9999.0000 -9999.0000 -9999.0000 -9999.0000 -9999.0000 -9999.0000 -9999.0000 -9999.0000 -9999.0000 -9999.0000 -9999.0000 -9999.0000 -9999.0000 -9999.0000 -9999.0000 -9999.0000 -9999.0000 -9999.0000 -9999.0000 -9999.0000 -9999.0000 -9999.0000 -9999.0000 -9999.0000 -9999.0000 -9999.0000 -9999.0000 -9999.0000 -9999.0000 -9999.0000
-9999.0000 -9999.0000 -9999.0000 -9999.0000 -9999.0000 -9999.0000 -9999.0000 -9999.0000 30.6122 29.9253 28.9239 26.0813 34.5131 33.2486 32.6881 26.4441 15.4736 15.1048 17.9651 20.7592 21.1361 13.3968 15.6838 14.6252 12.6754 8.1898 -5.9485 -7.3357 -8.5915 -10.1150 -9999.0000 -9999.0000 -9999.0000 -9999.0000 -9999.0000 -9999.0000 -9999.0000 -9999.0000 -9999.0000 -9999.0000 -9999.0000 -9999.0000 -9999.0000 -9999.0000 -9999.0000 -9999.0000 -9999.0000 -9999.0000 -9999.0000 -9999.0000 -9999.0000 -9999.0000 -9999.0000 -9999.0000 -9999.0000 -9999.0000 -9999.0000 -9999.0000
-9999.0000 -9999.0000 -9999.0000 -9999.0000 -9999.0000 -9999.0000 -9999.0000 28.4777 27.4051 27.5100 34.0522 33.7883 31.8830 31.2279 29.3838 21.1440 11.2316 11.1929 13.1017 16.4184 19.4423 19.9289 11.7002 13.7927 10.3574 6.4054 7.7672 -8.3073 -9.6880 -10.5371 -11.6434 -10.7286 -9999.0000 -9999.0000 -9999.0000 -9999.0000 -9999.0000 -9999.0000 -9999.0000 -9999.0000 -9999.0000 -9999.0000 -9999.0000 -9999.0000 -9999.0000 -9999.0000 -9999.0000 -9999.0000 -9999.0000 -9999.0000 -9999.0000 -9999.0000 -9999.0000 -9999.0000 -9999.0000 -9999.0000 -9999.0000 -9999.0000
-9999.0000 -9999.0000 -9999.0000 -9999.0000 -9999.0000 -9999.0000 40.3538 28.2448 27.6486 33.5502 30.6363 32.9370 32.1415 29.9937 26.9905 20.2558 11.7014 11.3980 12.5146 14.5441 18.0395 19.5642 19.9118 12.0256 7.8372 6.4058 7.2703 8.6702 -7.2392 -9.0978 -9.8961 -10.6462 -14.2949 -9999.0000 -9999.0000 -9999.0000 -9999.0000 -9999.0000 -9999.0000 -9999.0000 -9999.0000 -9999.0000 -9999.0000 -9999.0000 -9999.0000 -9999.0000 -9999.0000 -9999.0000 -9999.0000 -9999.0000 -9999.0000 -9999.0000 -9999.0000 -9999.0000 -9999.0000 -9999.0000 -9999.0000 -9999.0000
-9999.0000 -9999.0000 -9999.0000 -9999.0000 -9999.0000 -9999.0000 36.0966 25.1477 30.4907 28.6384 34.4636 33.8268 31.5916 28.3905 25.3401 21.1702 13.0555 12.8060 12.7566 14.1104 15.2615 15.7144 17.8245 16.6663 7.8548 7.7985 7.0130 8.0051 9.6759 11.7428 -7.2567 -17.8995 -14.3391 3.7280 10.0493 10.6427 0.1938 -30.9197 -1.8497 5.9901 6.1997 -9999.0000 -9999.0000 -9999.0000 -9999.0000 -9999.0000 -9999.0000 -9999.0000 -9999.0000 -9999.0000 -9999.0000 -9999.0000 -9999.0000 -9999.0000 -9999.0000 -9999.0000 -9999.0000 -9999.0000
-9999.0000 -9999.0000 -9999.0000 -9999.0000 -9999.0000 39.2652 27.4074 20.2637 20.5430 24.0208 24.6505 30.0509 27.4723 26.3508 25.5492 23.8119 14.5933 14.2569 13.6964 12.5437 13.0341 14.0849 15.9558 14.1073 13.0665 6.4204 6.9957 7.8079 9.0206 11.1438 14.4114 18.3701 9.9827 9.2817 9.9870 10.8792 11.0619 9.7535 7.9709 5.7966 4.2030 8.5995 15.3428 25.4383 32.0079 35.0653 39.7157 -9999.0000 -9999.0000 -9999.0000 -9999.0000 -9999.0000 -9999.0000 -9999.0000 -9999.0000 -9999.0000 -9999.0000 -9999.0000
-9999.0000 -9999.0000 -9999.0000 -9999.0000 -9999.0000 25.4998 22.7196 19.4218 30.0612 26.9685 23.8509 21.2477 19.4688 18.0533 17.3469 16.7063 16.4822 16.1009 14.9560 14.0439 13.2335 13.4213 13.2010 12.6046 13.1309 6.5970 6.9080 7.6121 8.5604 11.9274 16.2102 15.9025 17.2402 9.6674 10.1162 11.7269 12.7289 12.4007 10.7004 8.6213 6.7117 9.1155 16.7425 26.9139 32.6585 36.4514 36.0859 46.6098 53.9190 54.7692 52.2429 50.0713 -9999.0000 -9999.0000 -9999.0000 -9999.0000 -9999.0000 -9999.0000
-9999.0000 -9999.0000 -9999.0000 -9999.0000 -9999.0000 28.0531 26.3725 28.6855 31.5498 30.7089 25.2489 21.3696 20.3059 19.9593 19.3331 18.8421 18.4131 17.9088 16.9490 15.7235 14.3361 13.2258 12.1433 11.2288 11.2763 7.0157 6.8046 7.2899 12.6432 12.4843 11.9074 11.9724 14.2075 17.6891 21.2147 16.1820 18.2442 19.4710 17.5909 17.2258 17.3348 22.0760 23.7443 35.0951 43.5668 48.7679 56.5410 57.9413 55.9596 55.1652 53.1829 48.3806 48.6505 45.6453 -9999.0000 -9999.0000 -9999.0000 -9999.0000
-9999.0000 -9999.0000 -9999.0000 -9999.0000 -9999.0000 31.8750 31.2455 30.1476 31.3811 31.7161 26.2376 25.0090 21.9720 21.7101 21.3753 20.8943 20.4109 19.9661 18.9709 17.2883 15.4786 15.0166 12.3486 10.6741 9.0455 6.9723 6.9503 10.4108 9.9522 8.8864 8.3844 9.6804 12.3413 16.0475 20.5316 26.5241 25.4745 25.0454 27.4935 28.9768 30.7926 33.7052 38.3850 40.6300 53.7088 59.9208 59.5907 56.5746 59.9305 55.7703 48.4712 48.2429 43.7670 43.8772 46.2863 48.2535 50.9709 54.0940
-9999.0000 -9999.0000 -9999.0000 -9999.0000 36.9599 40.4201 38.3309 31.9422 36.7702 34.1730 28.8450 27.5012 24.1937 24.0560 23.7572 23.5403 23.2671 22.8729 21.5254 19.4828 17.8545 16.9782 13.7407 10.5975 8.3245 8.4922 9.2095 8.3098 6.7031 5.8676 6.8238 8.4147 11.2038 15.1091 19.1005 24.5298 25.1431 28.7989 36.2955 41.7190 44.7028 45.7276 47.5851 50.8209 54.6389 59.6477 57.5798 56.6976 62.9542 62.8317 46.0579 41.9386 45.6154 46.6786 47.6047 48.6831 50.4398 53.7899
-9999.0000 -9999.0000 -9999.0000 -9999.0000 40.0020 38.5846 39.6812 40.3635 39.6245 37.8486 32.8828 30.0210 30.4373 26.6773 26.2495 26.0844 26.7180 25.8751 24.4603 21.9643 22.5937 19.4566 15.2815 11.3593 10.9876 9.4756 7.3626 5.3900 4.2396 4.4546 5.8193 8.0668 10.5745 14.0802 18.2609 21.4154 26.8092 33.5451 42.0778 52.7768 59.7089 54.6883 55.2579 58.6722 61.8773 63.7961 64.1809 64.3144 63.2772 60.0080 56.1942 52.2809 50.5879 47.7939 48.2295 49.1950 50.7328 53.8176
-9999.0000 -9999.0000 -9999.0000 -9999.0000 41.8968 41.0013 41.2242 46.8307 45.6286 42.7163 37.2411 32.4066 32.9751 32.3905 32.6407 31.3427 29.4542 28.6199 27.7113 27.4906 25.5943 21.8985 17.0059 13.0175 10.8333 7.9477 4.9106 3.2791 3.2463 3.9956 5.5817 7.7499 10.2420 13.7751 17.3001 22.1465 28.9999 35.3716 43.0763 53.8532 57.6146 54.5319 53.4948 56.6977 61.5348 67.9472 68.8073 63.2193 62.3425 60.0274 54.9697 50.6599 53.2168 47.3499 49.0233 50.2225 51.5795 53.8449
-9999.0000 -9999.0000 -9999.0000 -9999.0000 46.0793 45.9353 48.6542 48.1651 49.6542 47.2336 43.3014 35.2346 35.6624 36.0973 35.9035 34.6660 31.2628 31.0610 31.3697 31.2684 29.2575 25.0463 19.6275 14.4519 10.1813 5.8300 3.1841 2.5635 3.0087 4.1153 5.6114 7.7219 9.9282 13.5899 17.3244 21.5514 25.4414 29.9393 37.9262 44.2509 49.0664 48.8421 62.3060 63.9438 70.4691 71.9813 70.7840 64.0103 61.4294 59.1889 56.8363 56.5281 56.5991 59.2267 49.0007 51.3627 52.4674 51.5044
-9999.0000 -9999.0000 50.6231 49.1645 52.3956 50.0639 53.4497 54.6122 52.9807 51.8857 48.4594 38.8233 40.8660 41.6654 39.1120 35.3786 33.6653 33.4463 35.0670 35.7370 34.2266 29.6478 22.5677 15.4597 9.0879 4.9488 2.8761 2.5993 3.3599 4.4501 5.8545 8.1323 10.1295 13.0841 16.9145 20.6349 22.1080 46.5619 45.5208 44.4905 41.8773 47.1807 51.4348 60.9314 62.9548 68.5410 71.7665 66.0553 63.5245 59.8307 59.9606 57.8298 58.7373 60.7057 61.5193 63.1658 49.1634 51.8951
-9999.0000 54.0797 50.9032 51.8016 54.9858 56.6443 58.8334 61.5464 59.6162 56.2585 53.6148 46.6636 45.5979 45.4996 39.8703 38.2420 36.2620 36.3287 38.2647 39.8814 38.9968 34.0969 25.2252 17.0276 9.9181 6.0445 4.0079 3.4479 3.9659 5.1799 6.6316 9.3672 10.5009 13.6129 16.7306 14.9174 21.3773 23.9991 41.8325 36.5026 36.7392 45.1129 50.2069 52.6991 57.7041 61.4039 -9999.0000 67.3415 64.8172 62.4751 62.6162 60.4754 61.0143 62.2698 66.7502 66.2959 61.1549 54.1151
60.8075 56.8446 54.4912 55.3821 58.7485 61.9381 63.3863 66.5082 67.2938 63.5425 58.8053 52.4645 48.6911 46.1349 42.4776 40.2343 38.9604 39.0414 40.4075 42.5249 42.0825 37.1270 29.3418 19.7554 12.8259 8.6316 6.3695 4.9133 5.2411 6.1574 7.9050 10.8590 11.5846 14.6048 16.1893 16.3376 17.9919 19.8391 18.3353 31.8967 37.9980 43.6874 44.9857 56.0563 57.8925 58.2523 58.5396 65.1192 69.2578 65.5213 65.7794 65.5289 62.3781 64.1687 66.3735 67.0626 65.0858 63.2796
63.9863 61.5555 59.0296 59.9992 62.2359 65.6384 67.0067 71.1256 72.9382 70.8903 67.3403 55.5329 46.9103 49.4401 45.1416 42.7882 42.3477 42.4729 43.4225 44.5029 43.1396 39.3540 29.4183 22.7578 16.6789 12.1287 9.0658 7.5322 7.0842 8.1020 10.3807 10.4603 11.3093 15.4386 18.2974 35.4106 34.6341 23.4282 21.4937 26.1670 43.0464 45.3371 48.2519 53.0452 58.0537 56.1126 57.7584 62.0350 71.7274 70.8948 69.9357 70.3652 71.3027 69.3088 67.9610 69.7464 68.4742 66.0246
70.2130 69.1657 68.8571 68.3255 64.0498 65.6736 71.2782 73.2419 71.7236 71.3727 71.6257 59.5808 50.4184 51.0939 49.8304 48.1219 47.4957 47.4564 47.4286 46.3167 45.4684 34.4643 30.3320 24.9400 20.3364 16.2507 12.7608 37.3241 36.3528 36.7253 38.0055 30.0233 30.7438 34.4884 39.2166 37.9665 35.1569 28.7441 23.3369 29.2468 46.5092 49.0469 53.9820 58.5180 62.3168 61.3847 65.0813 66.3188 72.1577 76.9033 74.6565 75.2153 74.9443 72.2510 70.0698 73.5144 72.2348 67.7847
75.4005 71.1791 68.7828 77.6456 84.9400 -9999.0000 -9999.0000 -9999.0000 -9999.0000 75.3951 68.9577 60.5416 53.9650 54.7670 53.8267 54.5904 55.0361 54.5409 52.2177 49.7039 44.0064 40.7667 31.1309 26.8264 23.1612 19.6239 42.0443 47.1528 44.4058 38.5940 37.3591 33.7434 32.3761 35.2131 39.7260 35.4205 30.7599 30.2522 28.9802 27.1854 38.8718 48.3491 48.5553 54.0259 58.8737 63.0044 66.1018 71.2602 75.5824 82.1920 80.6960 78.6639 75.7992 71.7845 69.1694 71.0011 68.5634 65.7076
77.3586 85.2836 83.7494 -9999.0000 -9999.0000 -9999.0000 -9999.0000 -9999.0000 -9999.0000 -9999.0000 -9999.0000 -9999.0000 -9999.0000 -9999.0000 55.8950 60.3958 62.5231 62.0580 57.5031 51.5420 49.1394 46.4133 53.4123 48.5796 46.4749 50.8627 49.1193 49.4753 43.2287 43.2240 42.3437 38.7887 36.3874 35.4118 37.9527 33.8871 31.8358 33.2255 31.2822 26.7169 38.9544 44.0402 44.1619 47.4344 54.2344 60.3958 62.9304 67.1814 74.6093 84.9981 84.4819 80.8732 76.7652 74.1455 69.3015 68.6069 68.2814 67.6509
85.4491 84.7153 -9999.0000 -9999.0000 -9999.0000 -9999.0000 -9999.0000 -9999.0000 -9999.0000 -9999.0000 -9999.0000 -9999.0000 -9999.0000 -9999.0000 -9999.0000 63.6849 68.1357 67.5275 62.4998 57.0465 44.4344 61.2248 62.9224 59.3872 57.6604 51.8275 52.0623 46.4337 45.2124 44.9639 43.4012 40.5113 37.9899 37.3360 35.3019 32.6903 32.4264 32.6741 29.1940 26.5813 23.9598 42.4522 47.5616 48.9780 50.7949 56.9578 62.3927 66.5389 73.2455 81.7781 85.6599 83.1037 78.8752 74.2683 68.5810 72.2489 69.4884 68.1304
84.4465 -9999.0000 -9999.0000 -9999.0000 -9999.0000 -9999.0000 -9999.0000 -9999.0000 -9999.0000 -9999.0000 -9999.0000 -9999.0000 -9999.0000 -9999.0000 -9999.0000 -9999.0000 68.6875 64.3169 61.6087 65.0449 65.7791 63.8030 62.5248 60.3477 61.9458 64.9389 48.4658 48.2967 46.2914 44.3243 43.7328 41.6500 39.2355 38.3168 29.1514 32.4887 34.6160 31.4815 29.6603 27.1061 26.1586 41.3277 48.0410 49.9335 53.2624 56.6239 60.2863 62.9746 70.1702 78.5517 79.3060 80.2988 79.9330 77.3984 72.7699 77.1044 73.6651 70.5104
