example_data/selke/layers/htgwl5_base.asc
ncols 206
nrows 204
xllcorner 4432837.5
yllcorner 5724937.5
cellsize 200.0
NODATA_value -9999.0
[rows 52 to 77 of 204, columns 116 to 173 of 206]
84.4000 -9999.0000 -9999.0000 -9999.0000 77.2824 81.2398 79.0202 80.5204 79.2795 75.6022 71.9763 70.7719 68.7634 64.9801 61.1943 57.3809 54.3484 49.3076 44.5920 42.6129 41.1840 43.1569 49.4605 59.9766 64.7593 66.5267 65.8202 66.1861 66.1096 66.2371 66.5455 66.8013 67.0711 61.6282 60.8271 59.9961 58.6715 53.8507 52.4228 43.1453 34.3149 28.4675 17.4266 11.9241 7.9032 6.5710 13.4260 23.2249 30.6601 34.9830 35.6853 36.9583 42.7333 47.9442 50.1224 -9999.0000 -9999.0000 -9999.0000
-9999.0000 -9999.0000 -9999.0000 -9999.0000 77.8990 79.6740 75.7798 74.1957 76.3328 75.6090 73.5645 75.5374 68.6722 62.3955 60.2278 57.6125 52.6829 49.3764 47.0665 41.5853 40.1099 43.1215 47.8016 54.6745 61.3518 64.2938 65.2573 63.8350 63.8940 64.2099 64.9250 64.7569 63.1279 64.2842 65.5340 69.3260 66.2778 59.3567 47.4246 39.4631 32.5022 26.6692 21.3248 16.5913 12.5721 11.6026 14.4949 19.3855 26.5450 31.8773 36.5062 40.2237 44.0087 47.6008 51.2783 -9999.0000 -9999.0000 -9999.0000
-9999.0000 -9999.0000 -9999.0000 80.9600 80.1822 81.4000 78.9671 78.1010 76.7727 73.8679 75.3036 75.2155 68.1334 66.1986 58.6042 55.6979 52.2613 49.0619 47.4149 43.5679 39.5823 42.2442 47.3940 52.9757 57.0337 59.9093 62.4994 62.6147 61.9621 62.9115 64.5130 67.2746 60.7327 60.4287 64.1585 66.7357 64.1982 59.3157 52.5068 39.3788 34.9198 28.5548 22.9089 18.5272 14.2412 12.7887 12.9477 14.3081 14.5367 32.4897 31.0552 35.7459 42.0165 46.4439 50.6925 -9999.0000 -9999.0000 -9999.0000
-9999.0000 -9999.0000 -9999.0000 84.4614 81.2976 79.9710 83.7463 83.6299 80.0768 77.9960 76.4280 67.9963 66.8501 65.2623 59.2955 54.2270 51.7773 49.6887 48.3924 45.0368 42.0520 43.5523 48.3493 52.4928 56.0480 56.8613 59.1052 61.7876 61.5947 62.5761 62.7190 62.5223 58.8390 52.8508 55.7530 55.1739 52.9119 49.5176 46.5617 41.2796 36.1501 29.7555 23.4110 23.9068 22.5536 17.0876 14.2420 11.5726 7.3206 16.2444 35.1589 32.6957 45.2014 44.7457 47.2940 -9999.0000 -9999.0000 -9999.0000
-9999.0000 -9999.0000 84.0057 81.7770 82.7856 80.8604 80.3923 79.6183 80.1629 80.8402 71.0828 65.6349 62.3028 64.1526 58.5916 56.8233 54.0468 52.4273 50.0160 49.9106 49.0671 49.7435 50.5471 52.8346 57.5463 56.9440 58.1329 62.3385 61.9432 59.4749 56.8664 59.0370 55.1152 47.3456 41.7596 41.2514 40.7230 41.8803 39.4747 35.7276 36.4822 30.8486 25.5782 29.3750 22.2267 18.4941 15.1682 11.9429 6.3533 11.5916 28.2162 26.0287 33.4040 39.2642 -9999.0000 -9999.0000 -9999.0000 -9999.0000
-9999.0000 -9999.0000 -9999.0000 85.7787 81.5034 79.3988 75.9933 76.4599 78.7324 79.6302 71.3756 65.4284 60.3107 63.7293 61.7089 62.0221 58.6903 56.5514 55.0401 56.3256 59.9110 58.2296 56.9580 56.5067 59.6082 57.5722 58.2995 60.6416 63.0103 59.8549 53.7264 50.8246 53.2680 45.5136 39.0528 37.6202 39.1425 40.2892 37.1195 34.5436 32.7808 30.7949 35.2704 28.1577 26.1740 25.0762 23.4513 18.1529 15.5929 18.8380 23.7793 25.5271 33.7056 37.2823 -9999.0000 -9999.0000 -9999.0000 -9999.0000
-9999.0000 -9999.0000 -9999.0000 84.6385 84.2020 79.0128 74.9765 78.7302 81.4283 78.7501 77.4604 65.7416 67.0458 68.9118 70.1951 64.6658 67.1950 62.6348 64.2275 62.6109 68.6228 64.3845 61.6193 58.5862 57.7488 57.4883 57.4450 58.6134 61.0741 56.9772 53.2632 50.2285 46.4658 44.3222 40.8433 37.4011 37.6263 36.8053 40.6373 37.3188 38.3253 36.8191 38.7220 35.4709 30.7136 30.5048 31.2807 28.4451 28.7229 28.9907 30.0748 23.2410 38.0311 43.9883 -9999.0000 -9999.0000 -9999.0000 -9999.0000
-9999.0000 -9999.0000 -9999.0000 -9999.0000 87.0699 81.2928 79.6483 78.2742 78.9136 77.2748 78.6095 73.2766 70.6935 72.4392 74.5305 70.1654 71.6406 72.8314 71.5049 70.1075 69.0803 68.6650 64.0841 59.6891 57.4827 56.7313 56.1766 55.2542 55.3712 54.0898 54.1402 54.1813 46.5347 43.7182 43.3241 42.9040 41.7480 44.8736 49.1835 46.6687 47.9816 44.8668 42.1291 37.3660 34.3238 35.0050 35.6357 38.2244 39.1656 37.8103 35.2775 31.9024 31.9272 46.5569 46.0544 -9999.0000 -9999.0000 -9999.0000
-9999.0000 -9999.0000 -9999.0000 -9999.0000 84.6936 85.7181 83.3611 80.4869 78.5882 78.0590 79.3522 82.0381 77.7291 74.3397 77.8621 75.8683 69.8609 74.1697 76.9240 73.4635 71.6746 69.3506 63.2854 59.8551 56.8331 57.2008 54.0565 51.0270 49.4426 49.2157 50.3488 50.4419 50.1334 49.5508 47.2948 48.0146 50.9304 52.7502 54.0877 51.3763 48.1083 46.8449 46.4698 44.6864 42.2790 39.5556 42.3330 48.1624 48.1648 46.7080 45.3580 42.9731 36.6357 47.6180 48.2347 -9999.0000 -9999.0000 -9999.0000
-9999.0000 -9999.0000 -9999.0000 -9999.0000 -9999.0000 84.9104 85.6520 82.7450 80.9407 80.6557 79.0072 77.8564 79.7141 80.1619 79.7542 77.5663 78.2401 76.4680 75.1964 75.9560 72.8502 68.2901 65.1186 60.4080 56.0644 56.5266 53.6452 51.4672 48.0991 48.3425 50.2868 51.6615 50.7689 50.4875 49.3229 50.0428 53.1295 54.3514 54.8473 55.8844 50.8820 49.9159 50.6878 49.0093 47.8504 49.6271 52.2203 53.3982 55.2027 53.3528 51.7802 44.4387 44.8485 44.3113 54.4525 52.4679 -9999.0000 -9999.0000
-9999.0000 -9999.0000 -9999.0000 -9999.0000 -9999.0000 -9999.0000 84.2662 84.4016 83.1232 82.1673 81.2866 81.3333 83.2950 79.7887 78.3503 78.1611 78.3503 74.6230 72.8117 75.5384 71.6638 68.8562 64.3549 61.3745 58.2605 56.6458 55.1546 54.1550 50.9967 51.7828 53.2484 54.6488 52.6387 52.5410 53.2117 53.6652 54.4367 55.2753 56.7447 57.8717 58.6899 60.3046 59.6431 52.9868 54.1001 53.1459 53.6080 54.6376 59.8346 59.8370 57.6302 50.1098 50.6147 47.0560 46.6642 56.2871 -9999.0000 -9999.0000
-9999.0000 -9999.0000 -9999.0000 -9999.0000 -9999.0000 -9999.0000 -9999.0000 84.1352 84.8808 84.5644 83.0687 83.2407 85.0671 84.3600 80.1859 81.2559 79.4300 77.4891 76.5315 73.4653 71.4468 68.5105 67.2767 64.5884 60.9602 58.8953 58.1643 58.5408 57.1209 56.3059 56.1199 57.4368 56.8928 57.4388 58.0511 56.8268 56.6800 57.0496 58.6636 59.6413 60.7793 60.8795 60.4051 53.9395 55.1802 58.1152 55.5801 57.0191 57.2555 59.9843 60.9353 55.6907 53.6074 53.2982 52.7942 53.6440 55.0935 -9999.0000
-9999.0000 -9999.0000 -9999.0000 -9999.0000 -9999.0000 -9999.0000 -9999.0000 -9999.0000 85.5223 87.1218 87.3292 89.0336 88.8115 92.3204 89.5394 84.9388 83.4459 78.3547 76.9730 73.3871 70.5205 70.1148 67.3307 65.3132 64.5403 62.5791 62.1003 61.5492 61.9529 59.9366 60.9016 60.6791 59.6830 59.6853 59.5089 59.3407 59.0945 58.1759 58.0484 60.6348 61.3637 62.0912 62.6303 58.3499 57.5156 58.1601 58.3592 56.4726 56.2645 58.6035 58.2667 58.4739 58.8180 58.2295 57.2429 55.6639 54.7791 -9999.0000
-9999.0000 -9999.0000 -9999.0000 -9999.0000 -9999.0000 -9999.0000 -9999.0000 -9999.0000 -9999.0000 90.8881 92.3757 92.1607 91.5127 93.2326 90.2593 87.4804 86.5959 81.5821 77.4959 75.2916 67.9779 66.7278 63.8723 64.2250 64.0494 65.0353 64.2633 64.7615 64.8352 64.1378 63.7697 63.0826 61.7930 61.1248 60.1463 59.3017 59.6780 59.6597 59.0066 60.8503 63.1871 62.7773 63.8395 61.0760 58.7795 57.0922 56.5778 56.8550 56.9553 58.2385 59.3918 60.8896 61.4572 60.9704 58.9858 56.1448 52.9303 53.9048
-9999.0000 -9999.0000 -9999.0000 -9999.0000 -9999.0000 -9999.0000 -9999.0000 -9999.0000 -9999.0000 -9999.0000 96.7257 94.3666 92.3953 91.8011 89.3407 89.0660 86.0678 84.3942 84.9585 81.1598 74.7609 67.8763 68.1372 68.6712 66.1965 67.1774 68.4778 67.6394 67.3240 68.5897 66.4976 64.9798 63.6590 62.6998 61.3884 60.7157 60.4250 60.1447 60.1195 60.5357 62.2575 63.2880 62.7747 61.0590 58.6729 56.9497 56.8378 57.8089 58.7100 58.4937 59.6956 60.8621 61.2513 60.9389 59.2038 56.5188 54.0049 54.3292
-9999.0000 -9999.0000 -9999.0000 -9999.0000 -9999.0000 -9999.0000 -9999.0000 -9999.0000 -9999.0000 -9999.0000 95.8906 96.5796 93.3831 91.5588 89.8091 89.2517 87.9217 85.9687 83.6974 81.8895 79.4699 76.7985 74.1347 72.9540 73.7512 72.5503 71.3490 70.2219 69.8581 69.3369 67.9302 67.4446 62.5948 61.7645 61.5082 60.3745 60.2103 59.0198 59.8300 59.4342 60.9298 61.5538 60.9008 60.6812 59.2661 58.3990 59.5676 62.4174 60.0598 60.0093 60.3023 60.6720 59.8186 59.5062 58.3188 57.5863 56.0522 55.4840
-9999.0000 -9999.0000 -9999.0000 -9999.0000 -9999.0000 -9999.0000 -9999.0000 -9999.0000 -9999.0000 -9999.0000 -9999.0000 95.1926 95.6150 94.5061 94.1403 91.6147 88.9892 90.2457 85.4276 82.7271 81.2962 85.5308 81.8607 80.4132 77.1443 75.6207 73.8792 71.1846 71.7815 69.5550 69.7388 68.0938 62.5274 61.4619 60.9884 59.7533 58.7416 58.4590 58.7946 60.2428 60.8015 60.6712 60.2635 59.4794 61.3225 61.0541 61.4951 61.7878 60.9809 60.5474 60.3617 59.7460 59.2396 59.0508 58.2556 55.8261 56.3949 55.7103
-9999.0000 -9999.0000 -9999.0000 -9999.0000 -9999.0000 -9999.0000 -9999.0000 -9999.0000 -9999.0000 -9999.0000 -9999.0000 -9999.0000 -9999.0000 95.5093 97.7758 95.2273 93.9651 90.6308 88.0921 86.0971 86.3836 89.0794 86.6118 86.1649 82.4126 80.5877 76.3929 72.1623 72.8534 71.4675 69.9439 66.8902 62.4084 60.0880 58.7043 58.5540 57.7309 56.5257 57.6241 59.0525 59.4571 59.1857 58.5528 59.9777 61.3101 61.9183 60.9446 60.6669 60.9971 60.6157 60.1718 59.1867 59.5224 58.4236 58.3080 56.3250 54.6837 55.3481
-9999.0000 -9999.0000 -9999.0000 -9999.0000 -9999.0000 -9999.0000 -9999.0000 -9999.0000 -9999.0000 -9999.0000 -9999.0000 -9999.0000 -9999.0000 -9999.0000 97.2444 98.7302 97.3269 95.7162 93.0988 91.7556 90.0401 91.2882 91.1383 88.0161 86.0694 83.5840 81.0981 75.4340 74.9677 72.9267 69.8838 67.3613 60.7766 58.3562 54.9582 55.7778 59.4099 54.5719 56.2245 56.4673 58.3634 58.6120 58.7025 58.6121 59.1317 57.1458 59.0527 59.6752 60.5357 59.9297 59.3573 58.6384 59.1524 59.4924 57.9574 56.1662 54.9656 53.3378
-9999.0000 -9999.0000 -9999.0000 -9999.0000 -9999.0000 -9999.0000 -9999.0000 -9999.0000 -9999.0000 -9999.0000 -9999.0000 -9999.0000 -9999.0000 -9999.0000 -9999.0000 -9999.0000 97.2577 95.3806 94.4842 97.3662 93.2047 92.8743 92.4555 92.9147 88.9439 89.6002 87.6588 83.4679 80.1714 74.6879 72.0426 67.5024 63.1792 56.5933 53.1865 53.2500 54.4714 54.7189 55.8091 58.7202 56.6037 59.1947 61.0082 59.3278 57.0972 57.5322 57.0239 59.5847 60.1319 59.2563 58.4482 58.3364 58.4860 59.4901 60.5525 56.9023 56.0460 47.6561
-9999.0000 -9999.0000 -9999.0000 -9999.0000 -9999.0000 -9999.0000 -9999.0000 -9999.0000 -9999.0000 -9999.0000 -9999.0000 -9999.0000 -9999.0000 -9999.0000 -9999.0000 -9999.0000 -9999.0000 -9999.0000 -9999.0000 -9999.0000 95.2607 94.9166 92.4914 90.6916 90.3254 91.5014 85.6874 82.8075 80.0298 78.7896 73.3535 68.6606 64.6654 55.9358 51.9389 53.0013 53.4794 54.9256 56.0825 58.5216 60.4227 62.3937 60.8035 58.7375 58.6213 56.1211 56.9989 59.1208 59.6817 58.4359 57.4127 57.0866 57.9635 59.9049 61.9157 61.5649 57.4429 48.0126
-9999.0000 -9999.0000 -9999.0000 -9999.0000 -9999.0000 -9999.0000 -9999.0000 -9999.0000 -9999.0000 -9999.0000 -9999.0000 -9999.0000 -9999.0000 -9999.0000 -9999.0000 -9999.0000 -9999.0000 -9999.0000 -9999.0000 -9999.0000 -9999.0000 -9999.0000 93.1250 90.2552 87.6445 81.8976 81.6355 80.6662 81.9508 79.2725 75.7083 72.5679 66.1091 58.9614 53.1150 51.9608 53.9665 54.9607 58.2442 59.7082 67.1487 60.7296 60.6456 58.8531 56.8611 56.5987 57.5133 58.5916 59.1169 57.7471 56.7960 56.6523 57.3839 59.9364 62.2000 63.0518 61.6598 46.0173
-9999.0000 -9999.0000 -9999.0000 -9999.0000 -9999.0000 -9999.0000 -9999.0000 -9999.0000 -9999.0000 -9999.0000 -9999.0000 -9999.0000 -9999.0000 -9999.0000 -9999.0000 -9999.0000 -9999.0000 -9999.0000 -9999.0000 -9999.0000 -9999.0000 -9999.0000 -9999.0000 -9999.0000 -9999.0000 -9999.0000 81.3998 88.9000 87.2000 85.1730 80.9734 78.0001 74.5925 63.3404 51.3030 50.4020 52.5680 56.9292 59.8083 60.1584 59.7584 58.9584 56.9252 56.3072 56.0543 57.4141 57.6329 58.7655 59.1349 57.5872 56.0461 54.7059 55.2601 56.1369 58.8829 59.0343 56.6249 48.4864
-9999.0000 -9999.0000 -9999.0000 -9999.0000 -9999.0000 -9999.0000 -9999.0000 -9999.0000 -9999.0000 -9999.0000 -9999.0000 -9999.0000 -9999.0000 -9999.0000 -9999.0000 -9999.0000 -9999.0000 -9999.0000 -9999.0000 -9999.0000 -9999.0000 -9999.0000 -9999.0000 -9999.0000 -9999.0000 -9999.0000 -9999.0000 91.0415 95.3654 90.7713 88.6895 88.4808 85.4911 73.8159 64.8044 59.0146 57.1198 59.5402 61.8160 62.4541 61.3301 59.2122 56.1967 43.0943 48.2330 51.2449 55.4159 57.5873 60.4013 57.3413 53.2990 51.1698 52.8578 55.7980 57.7694 56.5573 56.1087 49.0924
-9999.0000 -9999.0000 -9999.0000 -9999.0000 -9999.0000 -9999.0000 -9999.0000 -9999.0000 -9999.0000 -9999.0000 -9999.0000 -9999.0000 -9999.0000 -9999.0000 -9999.0000 -9999.0000 -9999.0000 -9999.0000 -9999.0000 -9999.0000 -9999.0000 -9999.0000 -9999.0000 -9999.0000 -9999.0000 -9999.0000 -9999.0000 -9999.0000 -9999.0000 91.6087 89.3139 87.5538 82.8611 77.8185 86.3672 76.8574 71.6058 65.7557 64.9990 63.5155 61.7344 59.4731 46.8367 43.4231 47.4903 50.3449 54.0782 59.3624 58.8293 55.3670 51.1573 50.8001 52.4032 56.2865 57.3765 57.4655 56.6909 49.4433
-9999.0000 -9999.0000 -9999.0000 -9999.0000 -9999.0000 -9999.0000 -9999.0000 -9999.0000 -9999.0000 -9999.0000 -9999.0000 -9999.0000 -9999.0000 -9999.0000 -9999.0000 -9999.0000 -9999.0000 -9999.0000 -9999.0000 -9999.0000 -9999.0000 -9999.0000 -9999.0000 -9999.0000 -9999.0000 -9999.0000 -9999.0000 -9999.0000 -9999.0000 -9999.0000 -9999.0000 -9999.0000 -9999.0000 -9999.0000 -9999.0000 80.2301 86.0899 75.8353 71.3384 67.2651 63.7477 62.2010 44.8967 42.3115 44.6536 49.2066 57.4024 59.2376 58.8772 56.0372 51.6856 51.1233 57.7953 58.0172 60.3778 60.3197 60.0814 52.5229
