example_data/selke/layers/htgwl5_top.asc
ncols 206
nrows 204
xllcorner 4432837.5
yllcorner 5724937.5
cellsize 200.0
NODATA_value -9999.0
[rows 52 to 77 of 204, columns 116 to 173 of 206]
85.4000 -9999.0000 -9999.0000 -9999.0000 78.2824 82.2398 81.4989 82.4610 80.2795 76.6022 74.1000 71.7719 69.7634 69.5248 65.8429 63.8252 60.9807 58.7008 56.1145 55.4086 53.8803 55.4275 58.8993 64.5639 68.4171 68.1679 67.7793 67.8192 67.6510 67.5582 67.5455 67.8013 68.0711 62.6282 61.8271 60.9961 60.0572 59.2567 58.9349 59.9029 60.6563 62.9046 62.7611 62.5857 62.4104 61.0932 60.6959 52.9619 56.1737 51.2722 45.7041 43.4380 47.5921 48.9442 57.7297 -9999.0000 -9999.0000 -9999.0000
-9999.0000 -9999.0000 -9999.0000 -9999.0000 81.0782 80.6740 80.6749 80.1254 82.3822 81.4950 80.7658 81.8995 69.6722 68.7990 65.6338 63.6040 59.9702 58.4666 57.1630 52.9836 51.9036 52.9730 55.9705 60.0826 65.4745 66.5986 67.0095 65.6276 66.1720 65.6567 66.0392 65.7569 65.2355 67.5000 71.1948 71.6070 71.0762 64.4675 60.1784 65.1803 69.5000 68.3000 62.7505 62.5858 62.0298 61.3998 61.4427 64.3850 52.5920 50.3302 40.9578 43.9376 48.3826 50.8579 54.7843 -9999.0000 -9999.0000 -9999.0000
-9999.0000 -9999.0000 -9999.0000 87.5000 85.9000 82.4000 79.9671 79.1010 82.9115 79.8618 80.8246 81.6110 70.6274 70.6929 64.1117 60.3819 58.9866 56.7459 55.8815 53.1572 49.9868 51.7065 54.9511 58.2618 61.2714 64.2626 64.8778 64.5316 63.8828 64.5782 65.5130 68.2746 63.0814 63.0738 66.1829 70.5878 70.8624 69.2495 68.9016 66.4609 67.9790 68.6000 68.7000 69.3000 69.0000 69.0000 68.4000 68.1000 60.3307 52.2583 45.0803 45.0957 48.8780 52.9458 60.5492 -9999.0000 -9999.0000 -9999.0000
-9999.0000 -9999.0000 -9999.0000 87.9000 86.7000 83.1000 86.0000 89.9000 81.0768 82.4330 78.8104 72.3044 71.3145 70.0261 63.1719 59.4237 57.4445 55.6686 54.4006 52.4123 50.7106 51.3369 54.9414 57.3227 59.4773 60.9988 62.4322 63.8184 63.4072 64.1853 65.3528 66.0746 63.3227 58.0883 61.2476 62.5273 62.8556 62.5211 65.9907 68.5721 68.9041 70.2000 68.9000 68.5000 69.5000 69.6000 69.3000 68.6000 68.5000 68.2000 51.4722 53.2970 49.6418 51.6478 55.0476 -9999.0000 -9999.0000 -9999.0000
-9999.0000 -9999.0000 90.3000 88.0000 88.2000 85.8000 85.0000 87.5000 88.9000 81.8402 72.0828 70.7446 67.5066 68.6686 63.6318 60.7485 58.5906 57.7734 55.7907 55.5197 54.5120 54.7909 55.3910 56.9425 60.2358 61.3688 63.0414 64.7944 63.8759 62.6747 61.2372 64.1711 60.9752 54.0003 50.4008 50.6066 52.4894 55.7885 60.0020 62.6529 67.7207 66.7110 69.1000 69.1000 70.5000 70.7000 69.5000 70.0000 71.2000 71.3000 54.1316 54.8169 55.9140 56.4441 -9999.0000 -9999.0000 -9999.0000 -9999.0000
-9999.0000 -9999.0000 -9999.0000 91.1000 88.7000 86.6000 85.1000 84.9000 87.1000 86.9000 72.3756 73.1994 65.9523 68.7018 64.5483 64.6622 62.8500 60.5207 59.2191 60.0572 61.3711 60.0728 60.1719 60.1082 62.1595 62.3364 62.7482 64.0725 65.4061 63.8577 59.4754 58.4647 61.3262 53.7024 47.7704 47.4293 52.4699 54.4657 57.5818 60.2029 62.2081 67.6000 70.1000 69.7000 69.5000 69.9000 69.8000 70.5000 70.9000 71.0000 54.8572 54.2809 57.3157 57.5464 -9999.0000 -9999.0000 -9999.0000 -9999.0000
-9999.0000 -9999.0000 -9999.0000 93.2000 90.4000 87.4000 87.1000 84.8000 88.7000 89.0000 82.9046 73.1828 71.6140 72.9249 72.1806 66.8640 69.6815 65.3241 65.7238 64.7497 70.4366 65.3845 64.7970 62.5346 62.0430 63.7893 64.3924 65.4587 66.7000 64.2242 61.5151 58.4120 55.7198 54.1600 50.2597 49.0109 52.2425 54.0380 59.1375 61.2650 60.9126 63.5823 68.7000 68.6000 67.8000 67.9000 70.3000 70.6000 70.2000 70.8000 69.2000 55.4739 58.1782 59.8799 -9999.0000 -9999.0000 -9999.0000 -9999.0000
-9999.0000 -9999.0000 -9999.0000 -9999.0000 92.6000 90.7000 87.4000 86.4000 86.7000 88.3000 87.2000 74.2766 78.0329 76.9980 78.6411 75.8198 76.5228 76.2430 72.7884 71.8326 70.2921 69.6650 67.0519 63.8044 63.6910 64.5705 65.8851 66.3000 66.2424 64.2944 61.3838 58.7252 59.2539 57.1444 56.8323 55.6303 54.9240 56.9560 59.6284 62.9216 62.1704 68.2000 67.8000 67.8000 67.7000 66.9000 67.9000 69.2000 70.2000 69.9000 68.5000 58.1942 59.0408 60.5112 61.2160 -9999.0000 -9999.0000 -9999.0000
-9999.0000 -9999.0000 -9999.0000 -9999.0000 95.3000 92.9000 90.8000 89.7000 87.6000 87.6000 88.1000 88.0000 78.7291 81.1565 81.9813 81.1541 72.6823 77.0956 79.3977 75.5401 73.3103 71.6595 67.6330 66.3528 64.8146 66.6393 66.1163 66.6000 67.4000 67.3000 67.3000 67.2000 66.8000 57.7435 56.5357 55.7955 55.8368 57.1694 59.8353 67.3000 67.0000 67.3000 67.0000 67.8000 67.3000 66.9000 66.6000 67.7000 68.4000 68.2000 67.5000 59.8577 60.0838 61.1792 63.2939 -9999.0000 -9999.0000 -9999.0000
-9999.0000 -9999.0000 -9999.0000 -9999.0000 -9999.0000 95.0000 92.9000 92.0000 90.0000 89.4000 90.9000 89.0000 89.5000 83.1003 86.1633 83.5000 83.2145 79.5335 78.4491 78.4039 73.9699 71.1474 69.8289 68.1575 65.4385 66.2146 66.5729 66.9363 67.8000 67.6000 67.6000 67.7000 67.5000 67.2000 67.0000 66.7000 67.4000 66.9000 67.2000 67.0000 67.2000 67.4000 66.8000 66.5000 66.5000 66.4000 64.3199 66.2000 67.1000 66.7000 66.5000 59.4035 60.9028 61.9658 63.1077 63.2595 -9999.0000 -9999.0000
-9999.0000 -9999.0000 -9999.0000 -9999.0000 -9999.0000 -9999.0000 95.6000 93.6000 91.5000 91.4000 93.1000 92.4000 90.1000 89.1000 85.0130 85.2000 84.1477 79.1733 77.3386 78.9324 74.3416 70.1994 68.0114 66.9101 64.7417 65.6036 67.3598 67.1803 69.3000 68.2000 67.9000 68.1000 67.7000 67.7000 67.2000 67.0000 67.3000 66.9000 66.5000 66.3000 66.4000 66.2000 65.8000 65.8000 66.9000 65.9116 63.6313 63.4168 64.0840 67.0000 60.7150 60.6028 61.9828 62.2196 63.2882 63.3481 -9999.0000 -9999.0000
-9999.0000 -9999.0000 -9999.0000 -9999.0000 -9999.0000 -9999.0000 -9999.0000 95.9000 94.0000 94.3000 92.4000 94.0000 93.9000 92.5000 92.7000 84.9157 85.2412 82.3330 79.9517 76.3328 74.5078 70.2402 69.7693 68.7565 66.4983 65.6026 67.6081 68.2816 69.7000 69.0000 68.8000 68.8000 68.1000 68.0000 68.1000 67.9000 67.9000 67.3000 66.9000 67.0000 66.4000 66.6000 67.2000 67.5000 68.1000 64.6272 64.3389 62.7999 64.3230 65.7961 61.9353 62.1388 62.3640 62.9034 63.5695 63.5675 63.6248 -9999.0000
-9999.0000 -9999.0000 -9999.0000 -9999.0000 -9999.0000 -9999.0000 -9999.0000 -9999.0000 96.5000 94.9000 94.6000 95.2000 94.1000 94.8000 94.2000 92.2000 84.4459 82.9118 81.7111 74.3871 73.3523 72.8321 69.7395 67.5500 66.4895 67.4814 68.9761 69.1823 70.9000 69.2000 69.6000 69.2000 68.7000 68.5000 69.2000 68.5000 68.3000 68.0000 67.3000 67.2000 66.8000 66.7000 67.1000 67.6000 67.5000 68.1000 63.7017 63.9663 61.6518 62.0799 62.4025 62.5970 63.1825 63.6389 63.9865 62.2210 63.7296 -9999.0000
-9999.0000 -9999.0000 -9999.0000 -9999.0000 -9999.0000 -9999.0000 -9999.0000 -9999.0000 -9999.0000 97.4000 96.5000 95.4000 95.1000 95.3000 94.7000 93.2000 87.9325 87.2976 81.2908 77.4233 70.9817 69.1694 66.3841 66.4789 66.3658 68.6283 68.9412 69.6218 69.3740 71.6000 70.2000 70.1000 69.9000 69.2000 69.2000 68.9000 68.7000 68.4000 67.9000 67.9000 65.8241 65.7176 65.9897 66.1903 68.1000 68.3000 68.0000 67.6000 63.1893 63.7602 63.0771 63.6239 63.9382 64.2444 63.5424 62.4443 60.4766 63.3536
-9999.0000 -9999.0000 -9999.0000 -9999.0000 -9999.0000 -9999.0000 -9999.0000 -9999.0000 -9999.0000 -9999.0000 98.1000 97.4000 96.0000 96.3000 95.1000 94.4000 93.1000 85.3942 85.9585 82.1598 75.7609 70.6221 69.1372 71.2032 67.7718 69.4924 69.4778 69.3180 70.0539 71.3000 70.5000 71.0000 70.5000 69.9000 69.5000 69.1000 68.8000 68.4000 68.0000 66.3174 65.4230 65.7320 65.9979 66.1000 65.5000 66.4000 66.4000 66.0000 63.3883 63.7790 63.2141 63.7044 64.1209 64.2295 62.5351 61.4191 60.5856 62.7030
-9999.0000 -9999.0000 -9999.0000 -9999.0000 -9999.0000 -9999.0000 -9999.0000 -9999.0000 -9999.0000 -9999.0000 100.7000 99.2000 97.9000 97.2000 95.7000 96.8000 94.6000 93.9000 84.8789 84.8829 80.7206 77.7985 76.7508 75.6313 75.7244 73.5503 72.4085 71.2219 71.1105 71.8000 71.5000 72.3000 71.8000 70.8000 70.4000 70.2000 69.5000 68.6000 68.3000 66.1270 65.6244 65.7821 65.9006 66.2426 65.6000 65.2241 66.9000 67.0000 62.9694 63.0445 63.2357 63.6541 63.2679 62.8413 62.9006 62.1786 61.7776 61.9352
-9999.0000 -9999.0000 -9999.0000 -9999.0000 -9999.0000 -9999.0000 -9999.0000 -9999.0000 -9999.0000 -9999.0000 -9999.0000 100.6000 99.4000 99.2000 97.3000 97.6000 96.6000 95.4000 92.9000 83.8208 82.2962 86.5308 83.4943 81.4886 78.1443 76.6207 74.8792 72.7917 72.7815 73.2000 73.2000 73.5000 72.3000 71.5000 71.3000 70.7000 69.9000 69.4000 68.6000 67.8000 65.8445 65.7690 65.9751 67.3000 66.9000 66.6000 66.5000 62.7878 62.2639 62.6559 63.0984 62.7811 61.9252 62.3783 62.7106 61.4938 61.2572 61.3260
-9999.0000 -9999.0000 -9999.0000 -9999.0000 -9999.0000 -9999.0000 -9999.0000 -9999.0000 -9999.0000 -9999.0000 -9999.0000 -9999.0000 -9999.0000 100.3000 99.9000 99.8000 98.8000 96.5000 94.0000 91.1000 87.3836 90.0794 88.1029 87.6943 84.0159 82.3544 77.3929 74.3310 74.5189 75.2000 74.7000 72.5810 71.2168 71.5000 72.1000 71.6000 72.3000 69.9000 69.5000 68.2000 68.2000 67.2000 66.8000 66.6000 67.0000 63.1612 63.5099 62.7788 62.4170 62.4359 62.7886 61.5442 61.6142 61.8449 62.6992 61.6079 60.9432 60.5548
-9999.0000 -9999.0000 -9999.0000 -9999.0000 -9999.0000 -9999.0000 -9999.0000 -9999.0000 -9999.0000 -9999.0000 -9999.0000 -9999.0000 -9999.0000 -9999.0000 101.9000 102.0000 102.0000 99.4000 98.9000 94.4000 91.0401 92.6562 92.1383 89.5346 87.2618 84.5840 82.0981 76.4340 77.4000 78.1000 76.3000 74.2000 72.0169 72.0853 71.2906 71.7000 73.1000 72.4000 69.5000 69.2000 68.8000 68.1000 67.6000 67.4000 67.5000 62.5691 63.4047 63.0967 62.7730 62.0573 61.5679 61.2579 61.0715 61.5178 62.4196 61.3038 60.5063 59.5124
-9999.0000 -9999.0000 -9999.0000 -9999.0000 -9999.0000 -9999.0000 -9999.0000 -9999.0000 -9999.0000 -9999.0000 -9999.0000 -9999.0000 -9999.0000 -9999.0000 -9999.0000 -9999.0000 104.0000 102.5000 102.1000 99.6000 94.2047 94.0414 93.7768 93.9147 89.9439 90.6002 88.6588 84.4799 81.8896 78.7000 74.7810 74.4533 73.0413 71.5881 70.5449 70.7546 71.7000 71.4000 70.4000 70.8000 68.9000 68.5000 70.5000 69.2000 62.5352 62.8268 61.8587 63.4876 63.3115 62.1442 60.9947 60.6752 60.6548 60.9674 62.5488 61.5437 60.5140 58.9555
-9999.0000 -9999.0000 -9999.0000 -9999.0000 -9999.0000 -9999.0000 -9999.0000 -9999.0000 -9999.0000 -9999.0000 -9999.0000 -9999.0000 -9999.0000 -9999.0000 -9999.0000 -9999.0000 -9999.0000 -9999.0000 -9999.0000 -9999.0000 97.7409 95.9166 93.4914 91.6916 91.3254 92.5014 90.6906 84.7547 81.9000 81.5000 79.1000 75.3805 74.3925 70.7844 70.4282 70.7847 72.3000 72.3000 70.8000 70.3000 73.4000 72.4000 74.2000 70.4000 62.3314 62.2095 61.4219 62.9240 63.4820 62.2187 60.6428 59.5401 59.5858 61.0056 62.9157 63.1115 61.6475 58.3252
-9999.0000 -9999.0000 -9999.0000 -9999.0000 -9999.0000 -9999.0000 -9999.0000 -9999.0000 -9999.0000 -9999.0000 -9999.0000 -9999.0000 -9999.0000 -9999.0000 -9999.0000 -9999.0000 -9999.0000 -9999.0000 -9999.0000 -9999.0000 -9999.0000 -9999.0000 95.9820 91.2552 88.6445 82.8976 82.6355 81.6662 83.3000 82.0000 81.1000 75.7092 74.5745 73.6975 71.3809 71.3443 73.6000 73.0000 71.7000 70.9000 76.6000 75.6000 73.5000 74.3000 62.2570 61.9580 61.0198 62.5546 63.9372 62.4825 60.4236 59.5414 59.0732 60.9364 63.2000 65.0650 62.6598 58.7734
-9999.0000 -9999.0000 -9999.0000 -9999.0000 -9999.0000 -9999.0000 -9999.0000 -9999.0000 -9999.0000 -9999.0000 -9999.0000 -9999.0000 -9999.0000 -9999.0000 -9999.0000 -9999.0000 -9999.0000 -9999.0000 -9999.0000 -9999.0000 -9999.0000 -9999.0000 -9999.0000 -9999.0000 -9999.0000 -9999.0000 82.3998 89.9000 88.2000 87.8000 93.1000 82.6000 78.4893 73.7346 72.2237 77.2000 77.1000 75.8000 74.0000 72.5000 72.1000 72.2000 71.8000 71.4000 58.9337 59.3908 59.3667 62.5208 64.3237 62.2900 59.9489 58.6613 57.9363 57.1502 59.9351 60.4059 60.0913 58.3037
-9999.0000 -9999.0000 -9999.0000 -9999.0000 -9999.0000 -9999.0000 -9999.0000 -9999.0000 -9999.0000 -9999.0000 -9999.0000 -9999.0000 -9999.0000 -9999.0000 -9999.0000 -9999.0000 -9999.0000 -9999.0000 -9999.0000 -9999.0000 -9999.0000 -9999.0000 -9999.0000 -9999.0000 -9999.0000 -9999.0000 -9999.0000 96.6000 98.3000 95.0000 95.8000 95.4000 89.3000 74.8159 82.4000 80.4000 80.0000 77.2000 75.6000 74.9000 74.5000 72.8000 58.9509 57.9533 60.0311 58.8167 59.3246 59.9732 62.6333 60.7279 58.3496 57.2690 56.7986 57.1461 58.7694 59.4242 59.8676 56.5282
-9999.0000 -9999.0000 -9999.0000 -9999.0000 -9999.0000 -9999.0000 -9999.0000 -9999.0000 -9999.0000 -9999.0000 -9999.0000 -9999.0000 -9999.0000 -9999.0000 -9999.0000 -9999.0000 -9999.0000 -9999.0000 -9999.0000 -9999.0000 -9999.0000 -9999.0000 -9999.0000 -9999.0000 -9999.0000 -9999.0000 -9999.0000 -9999.0000 -9999.0000 99.4000 96.9000 99.3000 98.5000 97.3000 92.4000 86.3000 82.2000 79.6000 77.9000 77.3000 76.4000 73.6000 60.9379 57.9614 57.6513 60.6759 61.7894 60.3624 61.2712 59.9111 57.5898 57.0989 58.1896 58.6212 59.3812 59.4248 59.1141 55.2027
-9999.0000 -9999.0000 -9999.0000 -9999.0000 -9999.0000 -9999.0000 -9999.0000 -9999.0000 -9999.0000 -9999.0000 -9999.0000 -9999.0000 -9999.0000 -9999.0000 -9999.0000 -9999.0000 -9999.0000 -9999.0000 -9999.0000 -9999.0000 -9999.0000 -9999.0000 -9999.0000 -9999.0000 -9999.0000 -9999.0000 -9999.0000 -9999.0000 -9999.0000 -9999.0000 -9999.0000 -9999.0000 -9999.0000 -9999.0000 -9999.0000 91.0000 88.2000 85.9000 80.5000 79.0000 78.0000 64.2212 59.4560 58.5945 58.2623 62.1555 62.3412 62.7686 63.9308 62.2827 60.6061 60.1475 60.0939 61.4832 61.5412 61.3501 61.0814 57.3286
