example_data/selke/layers/mtgwl3_top.asc
ncols 206
nrows 204
xllcorner 4432837.5
yllcorner 5724937.5
cellsize 200.0
NODATA_value -9999.0
[rows 25 to 49 of 204, columns 57 to 113 of 206]
-9999.0000 -9999.0000 -9999.0000 -9999.0000 -9999.0000 -9999.0000 -9999.0000 -9999.0000 -9999.0000 -9999.0000 -9999.0000 -9999.0000 -9999.0000 -9999.0000 -9999.0000 -9999.0000 -9999.0000 74.0144 73.0433 70.8569 68.5439 94.4000 95.6000 95.7000 95.6000 95.9000 95.6000 95.3000 95.3000 94.3000 94.3000 94.2000 93.7000 92.9000 93.2000 93.8000 94.2000 93.9000 92.5000 89.8000 87.6000 85.2000 -9999.0000 -9999.0000 -9999.0000 -9999.0000 -9999.0000 -9999.0000 -9999.0000 -9999.0000 -9999.0000 -9999.0000 -9999.0000 -9999.0000 -9999.0000 -9999.0000 -9999.0000
93.8000 -9999.0000 -9999.0000 -9999.0000 -9999.0000 -9999.0000 -9999.0000 96.2000 94.0000 -9999.0000 -9999.0000 -9999.0000 94.0000 94.5000 94.7000 94.4000 92.2000 90.2000 91.5000 90.7000 93.6000 95.3000 95.9000 96.2000 95.9000 96.0000 95.9000 95.5000 95.2000 95.0000 94.1000 94.2000 94.1000 93.1000 93.4000 93.8000 94.0000 94.1000 93.3000 91.5000 88.8000 85.7000 82.8000 -9999.0000 -9999.0000 -9999.0000 -9999.0000 -9999.0000 -9999.0000 -9999.0000 -9999.0000 -9999.0000 -9999.0000 -9999.0000 -9999.0000 -9999.0000 -9999.0000
92.1000 93.1000 91.6000 -9999.0000 -9999.0000 -9999.0000 92.5000 95.8000 96.2000 95.8000 95.7000 95.6000 95.3000 96.3000 96.7000 95.0000 92.8000 92.2000 92.4000 93.9000 95.5000 96.0000 96.0000 96.5000 96.3000 96.1000 95.9000 95.6000 95.4000 95.0000 94.9000 94.5000 94.4000 93.8000 93.1000 93.2000 93.3000 93.5000 93.3000 92.0000 89.5000 86.7000 83.3000 -9999.0000 -9999.0000 -9999.0000 -9999.0000 -9999.0000 -9999.0000 -9999.0000 -9999.0000 -9999.0000 -9999.0000 -9999.0000 -9999.0000 -9999.0000 -9999.0000
88.8000 89.8000 91.4000 91.9000 90.4000 91.9000 92.3000 93.4000 95.7000 97.7000 98.9000 98.1000 98.2000 96.9000 95.4000 94.4000 95.1000 94.6000 93.0000 95.3000 95.5000 96.0000 96.0000 95.4000 95.7000 96.3000 96.8000 96.4000 95.9000 95.2000 94.8000 94.7000 94.4000 94.4000 93.4000 93.6000 92.8000 92.4000 93.5000 92.4000 90.0000 87.2000 84.1000 -9999.0000 -9999.0000 -9999.0000 -9999.0000 -9999.0000 -9999.0000 -9999.0000 -9999.0000 -9999.0000 -9999.0000 -9999.0000 -9999.0000 -9999.0000 -9999.0000
92.9000 93.8000 94.4000 94.6000 93.6000 94.0000 93.5000 93.7000 94.7000 97.7000 98.2000 98.4000 98.8000 98.7000 97.5000 97.1000 96.4000 95.5000 95.7000 96.0000 96.5000 96.2000 96.6000 96.4000 95.7000 94.4000 94.2000 93.6000 93.8000 94.4000 94.9000 95.2000 94.7000 94.5000 93.1000 92.3000 91.9000 91.9000 92.1000 92.7000 91.4000 88.2000 84.8000 84.3000 -9999.0000 -9999.0000 -9999.0000 -9999.0000 -9999.0000 -9999.0000 -9999.0000 -9999.0000 -9999.0000 -9999.0000 -9999.0000 -9999.0000 -9999.0000
95.5000 96.1000 96.6000 96.6000 97.0000 96.7000 96.9000 95.5000 96.1000 96.4000 97.0000 98.5000 99.5000 99.5000 98.7000 97.0000 97.0000 96.2000 97.2000 96.8000 96.6000 96.7000 96.7000 96.9000 96.6000 95.8000 94.8000 93.7000 92.9000 92.6000 92.5000 93.4000 93.7000 94.0000 92.6000 91.7000 91.9000 92.7000 92.0000 91.7000 91.3000 88.7000 86.1000 84.7000 83.9000 -9999.0000 -9999.0000 -9999.0000 -9999.0000 -9999.0000 -9999.0000 -9999.0000 -9999.0000 -9999.0000 -9999.0000 -9999.0000 -9999.0000
96.6000 97.5000 97.7000 97.8000 97.6000 96.4000 96.2000 96.4000 96.0000 96.1000 97.0000 96.8000 96.7000 97.0000 96.8000 96.9000 96.1000 96.2000 97.0000 97.0000 96.9000 96.6000 96.7000 96.9000 96.7000 96.7000 96.2000 95.9000 95.1000 94.3000 93.7000 92.6000 91.3000 91.5000 92.1000 91.3000 90.8000 90.9000 90.8000 91.7000 91.7000 89.4000 86.9000 86.0000 85.0000 -9999.0000 -9999.0000 -9999.0000 -9999.0000 -9999.0000 -9999.0000 -9999.0000 -9999.0000 -9999.0000 -9999.0000 -9999.0000 -9999.0000
96.6000 96.7000 97.1000 97.1000 97.9000 97.8000 98.0000 98.2000 96.7000 97.4000 98.1000 97.1000 96.4000 96.3000 96.4000 96.3000 95.1000 95.9000 96.8000 97.0000 96.6000 96.0000 96.3000 96.6000 96.5000 96.7000 96.5000 96.0000 95.8000 95.8000 95.4000 94.7000 93.8000 92.1000 92.4000 91.6000 91.0000 90.1000 89.2000 89.2000 89.8000 88.5000 86.8000 86.0000 85.3000 -9999.0000 -9999.0000 -9999.0000 -9999.0000 -9999.0000 -9999.0000 -9999.0000 -9999.0000 -9999.0000 -9999.0000 -9999.0000 -9999.0000
93.3000 93.7000 95.4000 97.5000 97.8000 97.8000 98.6000 98.1000 98.9000 98.3000 98.6000 97.6000 97.5000 96.9000 96.4000 96.0000 94.6000 95.4000 96.7000 96.7000 97.0000 96.9000 96.9000 96.6000 96.5000 96.9000 96.6000 96.2000 95.8000 95.9000 96.0000 95.4000 94.6000 93.4000 94.1000 93.5000 92.4000 92.4000 92.7000 92.6000 90.9000 88.0000 86.8000 86.3000 85.6000 -9999.0000 -9999.0000 -9999.0000 -9999.0000 -9999.0000 -9999.0000 -9999.0000 -9999.0000 -9999.0000 -9999.0000 -9999.0000 -9999.0000
85.2000 94.8000 96.9000 97.2000 97.5000 97.8000 97.6000 98.2000 98.3000 97.2000 97.3000 97.0000 96.2000 95.8000 96.0000 95.8000 94.3000 94.7000 95.2000 95.9000 96.3000 96.4000 96.5000 96.7000 96.7000 96.4000 96.4000 96.2000 95.6000 95.5000 95.6000 95.3000 95.3000 94.6000 94.1000 93.7000 93.2000 93.2000 93.2000 92.9000 90.1000 88.1000 86.7000 86.3000 -9999.0000 -9999.0000 -9999.0000 -9999.0000 -9999.0000 -9999.0000 -9999.0000 -9999.0000 -9999.0000 -9999.0000 -9999.0000 -9999.0000 -9999.0000
-9999.0000 86.1000 91.0000 95.3000 97.2000 96.2000 97.0000 95.5000 93.0000 94.2000 93.8000 93.2000 91.2000 91.5000 92.0000 92.0000 92.5000 94.1000 94.3000 94.6000 94.9000 94.6000 95.4000 95.8000 96.2000 96.6000 96.1000 96.2000 95.8000 95.3000 95.5000 95.3000 95.5000 94.9000 94.4000 94.1000 93.7000 93.0000 92.8000 91.7000 89.8000 87.9000 86.8000 86.2000 -9999.0000 -9999.0000 -9999.0000 -9999.0000 -9999.0000 -9999.0000 -9999.0000 -9999.0000 -9999.0000 -9999.0000 -9999.0000 -9999.0000 -9999.0000
-9999.0000 -9999.0000 88.8000 92.4000 92.2000 94.6000 95.6000 93.4000 90.9000 94.3000 92.5000 92.5000 92.0000 91.2000 91.0000 91.3000 92.0000 93.2000 94.5000 95.1000 95.0000 93.2000 92.9000 93.2000 96.0000 96.3000 96.2000 96.1000 96.3000 95.8000 95.7000 95.5000 95.5000 95.1000 95.0000 94.7000 94.3000 93.9000 93.4000 91.3000 89.6000 88.1000 87.1000 87.5000 -9999.0000 -9999.0000 -9999.0000 -9999.0000 -9999.0000 -9999.0000 -9999.0000 -9999.0000 -9999.0000 -9999.0000 -9999.0000 -9999.0000 -9999.0000
-9999.0000 -9999.0000 -9999.0000 86.1000 87.9000 90.8000 94.3000 89.3000 94.1000 94.3000 94.7000 95.5000 93.9000 91.9000 93.5000 93.3000 95.6000 93.8000 90.3000 92.6000 93.3000 93.3000 92.0000 90.6000 92.7000 94.7000 96.1000 96.0000 96.6000 95.8000 95.5000 95.3000 95.4000 95.5000 95.3000 95.0000 94.6000 93.9000 92.9000 90.9000 89.2000 87.8000 88.0000 89.5000 -9999.0000 -9999.0000 -9999.0000 -9999.0000 -9999.0000 -9999.0000 -9999.0000 -9999.0000 -9999.0000 -9999.0000 -9999.0000 -9999.0000 -9999.0000
-9999.0000 -9999.0000 -9999.0000 -9999.0000 90.1000 86.6000 89.4000 96.2000 93.1000 92.2000 92.9000 93.1000 91.4000 90.1000 92.2000 98.8000 97.7000 97.4000 93.7000 -9999.0000 -9999.0000 -9999.0000 93.8000 94.6000 94.0000 93.0000 95.8000 96.6000 96.4000 95.3000 95.3000 94.4000 94.7000 94.3000 93.8000 93.9000 94.3000 94.0000 92.9000 90.6000 89.0000 87.9000 91.2000 91.6000 92.5000 -9999.0000 -9999.0000 -9999.0000 -9999.0000 -9999.0000 -9999.0000 -9999.0000 -9999.0000 -9999.0000 -9999.0000 -9999.0000 -9999.0000
-9999.0000 -9999.0000 -9999.0000 -9999.0000 -9999.0000 87.0000 90.9000 92.2000 93.1000 92.4000 90.5000 89.2000 89.6000 90.2000 92.0000 96.7000 98.1000 -9999.0000 -9999.0000 -9999.0000 -9999.0000 -9999.0000 -9999.0000 -9999.0000 103.4000 99.6000 97.4000 95.8000 95.0000 94.8000 94.6000 94.3000 94.0000 93.6000 92.9000 93.0000 93.8000 93.9000 93.0000 92.5000 89.3000 89.3000 90.9000 91.5000 92.5000 -9999.0000 -9999.0000 -9999.0000 -9999.0000 -9999.0000 -9999.0000 -9999.0000 -9999.0000 -9999.0000 -9999.0000 -9999.0000 -9999.0000
-9999.0000 -9999.0000 -9999.0000 -9999.0000 -9999.0000 -9999.0000 -9999.0000 -9999.0000 -9999.0000 -9999.0000 91.1000 89.1000 90.0000 89.7000 88.8000 95.6000 95.8000 -9999.0000 -9999.0000 -9999.0000 -9999.0000 -9999.0000 -9999.0000 -9999.0000 -9999.0000 103.3000 98.5000 96.0000 94.5000 93.9000 93.6000 92.6000 92.2000 91.5000 90.7000 90.3000 90.2000 91.4000 93.8000 93.0000 91.2000 88.7000 90.3000 91.0000 90.9000 90.6000 92.1000 93.6000 92.7000 91.9000 -9999.0000 -9999.0000 -9999.0000 -9999.0000 -9999.0000 -9999.0000 -9999.0000
-9999.0000 -9999.0000 -9999.0000 -9999.0000 -9999.0000 -9999.0000 -9999.0000 -9999.0000 -9999.0000 -9999.0000 -9999.0000 -9999.0000 -9999.0000 -9999.0000 88.3000 90.9000 -9999.0000 -9999.0000 -9999.0000 -9999.0000 -9999.0000 -9999.0000 -9999.0000 -9999.0000 -9999.0000 -9999.0000 -9999.0000 94.5000 94.2000 94.5000 93.4000 92.6000 92.2000 92.1000 92.1000 91.1000 89.6000 89.6000 90.2000 91.4000 90.9000 89.5000 88.2000 88.2000 89.8000 89.3000 86.4000 89.1000 91.4000 91.3000 91.2000 90.8000 -9999.0000 -9999.0000 -9999.0000 -9999.0000 -9999.0000
-9999.0000 -9999.0000 -9999.0000 -9999.0000 -9999.0000 -9999.0000 -9999.0000 -9999.0000 -9999.0000 -9999.0000 -9999.0000 -9999.0000 -9999.0000 -9999.0000 87.9000 -9999.0000 -9999.0000 -9999.0000 -9999.0000 -9999.0000 -9999.0000 -9999.0000 -9999.0000 -9999.0000 -9999.0000 -9999.0000 -9999.0000 -9999.0000 -9999.0000 -9999.0000 -9999.0000 -9999.0000 93.8000 94.1000 93.3000 92.5000 90.3000 90.1000 89.6000 90.0000 89.8000 88.4000 88.2000 88.4000 92.3000 89.0000 88.7000 89.5000 89.1000 89.5000 90.5000 91.0000 90.7000 90.7000 90.5000 90.8000 91.4000
-9999.0000 -9999.0000 -9999.0000 -9999.0000 -9999.0000 -9999.0000 -9999.0000 -9999.0000 -9999.0000 -9999.0000 -9999.0000 -9999.0000 -9999.0000 -9999.0000 -9999.0000 -9999.0000 -9999.0000 -9999.0000 -9999.0000 -9999.0000 -9999.0000 -9999.0000 -9999.0000 -9999.0000 -9999.0000 -9999.0000 -9999.0000 -9999.0000 -9999.0000 -9999.0000 -9999.0000 -9999.0000 -9999.0000 -9999.0000 -9999.0000 -9999.0000 93.4000 92.6000 93.0000 91.8000 92.0000 91.2000 90.6000 90.1000 90.1000 88.5000 88.8000 88.7000 89.2000 89.7000 89.5000 89.9000 90.6000 90.7000 90.7000 90.8000 91.0000
-9999.0000 -9999.0000 -9999.0000 -9999.0000 -9999.0000 -9999.0000 -9999.0000 -9999.0000 -9999.0000 -9999.0000 -9999.0000 -9999.0000 -9999.0000 -9999.0000 -9999.0000 -9999.0000 -9999.0000 -9999.0000 -9999.0000 -9999.0000 -9999.0000 -9999.0000 -9999.0000 -9999.0000 -9999.0000 -9999.0000 -9999.0000 -9999.0000 -9999.0000 -9999.0000 -9999.0000 -9999.0000 -9999.0000 -9999.0000 -9999.0000 -9999.0000 -9999.0000 -9999.0000 -9999.0000 -9999.0000 -9999.0000 -9999.0000 -9999.0000 -9999.0000 -9999.0000 -9999.0000 -9999.0000 -9999.0000 -9999.0000 -9999.0000 89.0000 89.1000 89.2000 90.4000 90.2000 90.4000 90.5000
-9999.0000 -9999.0000 -9999.0000 -9999.0000 -9999.0000 -9999.0000 -9999.0000 -9999.0000 -9999.0000 -9999.0000 -9999.0000 -9999.0000 -9999.0000 -9999.0000 -9999.0000 -9999.0000 -9999.0000 -9999.0000 -9999.0000 -9999.0000 -9999.0000 -9999.0000 -9999.0000 -9999.0000 -9999.0000 -9999.0000 -9999.0000 -9999.0000 -9999.0000 -9999.0000 -9999.0000 -9999.0000 -9999.0000 -9999.0000 -9999.0000 -9999.0000 -9999.0000 -9999.0000 -9999.0000 -9999.0000 -9999.0000 -9999.0000 -9999.0000 -9999.0000 -9999.0000 -9999.0000 -9999.0000 -9999.0000 -9999.0000 -9999.0000 -9999.0000 88.8000 88.9000 89.2000 90.0000 89.9000 90.2000
-9999.0000 -9999.0000 -9999.0000 -9999.0000 -9999.0000 -9999.0000 -9999.0000 -9999.0000 -9999.0000 -9999.0000 -9999.0000 -9999.0000 -9999.0000 -9999.0000 -9999.0000 -9999.0000 -9999.0000 -9999.0000 -9999.0000 -9999.0000 -9999.0000 -9999.0000 -9999.0000 -9999.0000 -9999.0000 -9999.0000 -9999.0000 -9999.0000 -9999.0000 -9999.0000 -9999.0000 -9999.0000 -9999.0000 -9999.0000 -9999.0000 -9999.0000 -9999.0000 -9999.0000 -9999.0000 -9999.0000 -9999.0000 -9999.0000 -9999.0000 -9999.0000 -9999.0000 -9999.0000 -9999.0000 -9999.0000 -9999.0000 -9999.0000 -9999.0000 89.7000 88.5000 88.1000 89.5000 87.9000 89.3000
-9999.0000 -9999.0000 -9999.0000 -9999.0000 -9999.0000 -9999.0000 -9999.0000 -9999.0000 -9999.0000 -9999.0000 -9999.0000 -9999.0000 -9999.0000 -9999.0000 -9999.0000 -9999.0000 -9999.0000 -9999.0000 -9999.0000 -9999.0000 -9999.0000 -9999.0000 -9999.0000 -9999.0000 -9999.0000 -9999.0000 -9999.0000 -9999.0000 -9999.0000 -9999.0000 -9999.0000 -9999.0000 -9999.0000 -9999.0000 -9999.0000 -9999.0000 -9999.0000 -9999.0000 -9999.0000 -9999.0000 -9999.0000 -9999.0000 -9999.0000 -9999.0000 -9999.0000 -9999.0000 -9999.0000 -9999.0000 -9999.0000 -9999.0000 -9999.0000 -9999.0000 -9999.0000 88.7000 87.4000 88.2000 88.4000
-9999.0000 -9999.0000 -9999.0000 -9999.0000 -9999.0000 -9999.0000 -9999.0000 -9999.0000 -9999.0000 -9999.0000 -9999.0000 -9999.0000 -9999.0000 -9999.0000 -9999.0000 -9999.0000 -9999.0000 -9999.0000 -9999.0000 -9999.0000 -9999.0000 -9999.0000 -9999.0000 -9999.0000 -9999.0000 -9999.0000 -9999.0000 -9999.0000 -9999.0000 -9999.0000 -9999.0000 -9999.0000 -9999.0000 -9999.0000 -9999.0000 -9999.0000 -9999.0000 -9999.0000 -9999.0000 -9999.0000 -9999.0000 -9999.0000 -9999.0000 -9999.0000 -9999.0000 -9999.0000 -9999.0000 -9999.0000 -9999.0000 -9999.0000 -9999.0000 -9999.0000 -9999.0000 -9999.0000 86.9000 87.0000 86.1000
-9999.0000 -9999.0000 -9999.0000 -9999.0000 -9999.0000 -9999.0000 -9999.0000 -9999.0000 -9999.0000 -9999.0000 -9999.0000 -9999.0000 -9999.0000 -9999.0000 -9999.0000 -9999.0000 -9999.0000 -9999.0000 -9999.0000 -9999.0000 -9999.0000 -9999.0000 -9999.0000 -9999.0000 -9999.0000 -9999.0000 -9999.0000 -9999.0000 -9999.0000 -9999.0000 -9999.0000 -9999.0000 -9999.0000 -9999.0000 -9999.0000 -9999.0000 -9999.0000 -9999.0000 -9999.0000 -9999.0000 -9999.0000 -9999.0000 -9999.0000 -9999.0000 -9999.0000 -9999.0000 -9999.0000 -9999.0000 -9999.0000 -9999.0000 -9999.0000 -9999.0000 -9999.0000 -9999.0000 -9999.0000 88.9000 87.3000
