example_data/selke/layers/mtgwl3_base.asc
ncols 206
nrows 204
xllcorner 4432837.5
yllcorner 5724937.5
cellsize 200.0
NODATA_value -9999.0
[rows 25 to 49 of 204, columns 57 to 113 of 206]
-9999.0000 -9999.0000 -9999.0000 -9999.0000 -9999.0000 -9999.0000 -9999.0000 -9999.0000 -9999.0000 -9999.0000 -9999.0000 -9999.0000 -9999.0000 -9999.0000 -9999.0000 -9999.0000 -9999.0000 73.0144 72.0433 69.8569 67.5439 80.9512 79.6956 79.6698 79.4604 79.1089 81.1528 79.2198 79.3568 78.4097 76.6189 76.6346 75.6959 74.7095 75.3957 75.7287 74.9702 74.8206 73.6004 70.2811 67.4873 66.3144 -9999.0000 -9999.0000 -9999.0000 -9999.0000 -9999.0000 -9999.0000 -9999.0000 -9999.0000 -9999.0000 -9999.0000 -9999.0000 -9999.0000 -9999.0000 -9999.0000 -9999.0000
88.1166 -9999.0000 -9999.0000 -9999.0000 -9999.0000 -9999.0000 -9999.0000 90.3931 90.2857 -9999.0000 -9999.0000 -9999.0000 86.6951 86.7159 85.7616 81.7104 76.5616 76.2406 75.3605 76.9486 80.2703 81.8890 82.1188 80.1224 79.8116 79.6223 81.0968 79.7050 79.9720 79.0301 78.9433 78.0479 77.0179 75.5748 75.4285 75.7657 75.1965 75.2588 73.4905 71.0760 67.3977 64.9036 66.0578 -9999.0000 -9999.0000 -9999.0000 -9999.0000 -9999.0000 -9999.0000 -9999.0000 -9999.0000 -9999.0000 -9999.0000 -9999.0000 -9999.0000 -9999.0000 -9999.0000
86.7976 85.4838 87.6651 -9999.0000 -9999.0000 -9999.0000 89.8178 90.6445 89.8195 90.0070 89.4733 86.4012 86.6051 87.0791 86.4636 83.7421 80.0743 80.3886 80.1246 81.7427 83.8239 84.0466 84.2838 85.0248 84.2872 83.0580 82.9250 81.3587 81.2912 80.4198 79.9991 78.6524 76.9722 76.7640 76.7563 75.3537 76.0323 74.7677 73.2251 71.0143 68.0886 66.9553 66.2400 -9999.0000 -9999.0000 -9999.0000 -9999.0000 -9999.0000 -9999.0000 -9999.0000 -9999.0000 -9999.0000 -9999.0000 -9999.0000 -9999.0000 -9999.0000 -9999.0000
81.8171 85.4321 87.8884 89.6748 87.1018 85.8644 87.1841 88.4156 89.0256 90.6918 90.4910 90.3093 89.5135 87.9507 85.5828 83.7198 84.9961 82.9521 83.7009 84.3618 84.0465 85.1128 85.0152 85.5434 87.1610 87.6799 85.3746 83.6513 82.4863 82.5236 80.9548 79.7117 78.7213 77.0047 75.8566 76.8615 75.0282 74.2010 73.3038 72.0224 69.3101 66.9371 66.1638 -9999.0000 -9999.0000 -9999.0000 -9999.0000 -9999.0000 -9999.0000 -9999.0000 -9999.0000 -9999.0000 -9999.0000 -9999.0000 -9999.0000 -9999.0000 -9999.0000
83.0800 84.5436 86.0406 86.9723 86.5902 85.1699 85.8331 85.8573 87.8546 88.9763 90.4716 89.9618 90.3794 87.9818 86.3287 85.9956 86.2030 85.1322 85.1720 85.8295 85.2971 84.8090 86.2496 87.2088 86.4109 84.8136 83.2981 81.6327 82.2452 83.5122 81.9781 83.5688 81.4564 80.0683 77.5887 75.6152 75.2431 73.8319 74.2666 73.5949 71.0368 68.9602 66.8696 68.4023 -9999.0000 -9999.0000 -9999.0000 -9999.0000 -9999.0000 -9999.0000 -9999.0000 -9999.0000 -9999.0000 -9999.0000 -9999.0000 -9999.0000 -9999.0000
83.4196 84.0994 84.7270 83.7539 84.5741 85.6144 84.0958 84.6168 84.2033 86.2309 88.0943 89.0418 88.8560 86.7624 86.4480 85.9551 85.5974 86.8869 86.8727 85.6677 85.9842 85.7813 85.5870 89.0354 88.9710 87.6646 84.5883 83.5139 81.4249 81.3455 82.7881 83.5066 81.6487 80.3683 77.2399 76.2948 77.0059 77.1488 75.1663 74.8822 73.0954 70.7108 68.9116 71.6642 73.4014 -9999.0000 -9999.0000 -9999.0000 -9999.0000 -9999.0000 -9999.0000 -9999.0000 -9999.0000 -9999.0000 -9999.0000 -9999.0000 -9999.0000
84.9065 85.0658 83.5723 82.3225 82.9491 83.7908 85.0457 83.4041 83.6897 85.1272 87.7773 86.6926 86.9317 85.3359 85.7874 86.2061 85.4490 87.1776 87.2444 86.6436 86.7006 86.2340 88.0783 88.0166 89.3575 88.7406 87.0000 85.5037 84.7191 85.5760 85.1162 83.8530 82.1622 79.6177 78.7616 76.8349 76.3573 76.2713 76.1965 76.8322 75.1913 73.1211 74.4280 74.3721 74.1680 -9999.0000 -9999.0000 -9999.0000 -9999.0000 -9999.0000 -9999.0000 -9999.0000 -9999.0000 -9999.0000 -9999.0000 -9999.0000 -9999.0000
84.9167 84.4850 83.1543 81.9836 82.5029 83.7514 85.8465 87.5385 84.3787 85.8296 87.6999 85.8123 86.6042 85.6219 85.8308 85.4724 84.5312 86.6429 86.7586 86.8160 86.3866 87.4942 88.5128 88.5313 88.2476 88.7556 86.4324 85.4620 86.8594 87.3005 87.4703 84.8101 82.6316 79.8302 79.7931 78.6924 78.6681 77.6698 77.0129 77.3504 76.6537 75.6431 76.2671 76.0826 75.7177 -9999.0000 -9999.0000 -9999.0000 -9999.0000 -9999.0000 -9999.0000 -9999.0000 -9999.0000 -9999.0000 -9999.0000 -9999.0000 -9999.0000
83.9282 81.8252 81.3117 82.9122 83.2896 84.2780 87.2841 90.3077 90.3550 86.2057 87.1293 87.8691 87.5915 87.3918 86.0528 86.1268 84.6510 85.8356 86.3434 86.8018 86.6221 88.5507 89.0335 89.0016 89.0132 87.9918 86.0362 86.6743 86.8370 86.9105 87.4791 85.3624 83.5041 81.9710 81.7223 80.7169 79.5182 80.6164 80.4815 80.5717 77.5173 76.5341 78.4872 78.1591 77.5979 -9999.0000 -9999.0000 -9999.0000 -9999.0000 -9999.0000 -9999.0000 -9999.0000 -9999.0000 -9999.0000 -9999.0000 -9999.0000 -9999.0000
83.4770 84.6775 84.9948 84.1063 84.6333 85.9520 86.9484 89.2481 89.6622 90.2733 88.5228 90.7276 89.2626 88.1732 88.3583 86.5339 85.1854 84.1765 85.7346 86.9645 89.3629 89.7584 89.8931 89.9903 89.6269 86.7462 87.5547 87.6509 86.6084 87.2314 86.3157 85.8555 85.3487 83.4313 82.7468 83.0522 83.0294 83.1609 81.4747 80.0643 79.9477 78.2752 79.1862 80.4320 -9999.0000 -9999.0000 -9999.0000 -9999.0000 -9999.0000 -9999.0000 -9999.0000 -9999.0000 -9999.0000 -9999.0000 -9999.0000 -9999.0000 -9999.0000
-9999.0000 84.1981 82.9219 85.5353 87.2823 87.0187 87.6555 86.4221 86.6807 90.8264 90.9416 88.1194 84.8531 86.0607 83.8914 84.4995 86.2938 84.8469 85.4188 86.8701 87.9169 90.1124 90.4112 91.1148 90.7157 89.2028 87.9129 87.5817 85.9773 85.8406 86.1798 85.5513 85.5166 84.4379 84.2429 84.1805 84.4279 83.1597 83.2295 81.9113 80.7612 81.1976 80.5010 80.5235 -9999.0000 -9999.0000 -9999.0000 -9999.0000 -9999.0000 -9999.0000 -9999.0000 -9999.0000 -9999.0000 -9999.0000 -9999.0000 -9999.0000 -9999.0000
-9999.0000 -9999.0000 85.6353 88.4489 87.7833 89.8173 89.2935 85.4232 87.3159 89.9018 89.1577 88.6268 87.4213 84.9003 84.7831 85.9285 86.1880 86.4926 88.0560 89.8649 89.7122 88.7485 90.2195 90.6729 90.3580 89.2693 87.4242 86.7522 85.9935 85.2990 85.7213 85.9723 85.9375 85.2550 85.4286 85.9005 84.7184 85.1084 84.3217 83.5296 81.9935 81.2806 81.9748 83.5980 -9999.0000 -9999.0000 -9999.0000 -9999.0000 -9999.0000 -9999.0000 -9999.0000 -9999.0000 -9999.0000 -9999.0000 -9999.0000 -9999.0000 -9999.0000
-9999.0000 -9999.0000 -9999.0000 85.1000 86.9000 88.2576 88.2649 85.7064 88.9993 90.5150 91.8345 92.2265 88.7596 86.7918 87.7794 91.1027 91.5300 90.4016 89.3000 89.4274 89.5958 90.2258 89.6314 89.6000 89.4851 88.3733 86.7805 85.6936 85.5018 86.1024 85.8117 85.6353 86.4838 86.8098 86.5036 86.3042 86.1249 85.6142 85.3550 83.5122 82.8666 81.5994 84.7484 87.1678 -9999.0000 -9999.0000 -9999.0000 -9999.0000 -9999.0000 -9999.0000 -9999.0000 -9999.0000 -9999.0000 -9999.0000 -9999.0000 -9999.0000 -9999.0000
-9999.0000 -9999.0000 -9999.0000 -9999.0000 85.9657 83.2479 86.9669 89.6964 89.0484 89.3539 90.6708 90.0492 87.6485 86.2957 90.9702 95.7595 94.7701 93.0709 89.7874 -9999.0000 -9999.0000 -9999.0000 89.9902 89.9629 90.6217 87.4051 86.2480 85.4174 85.1531 85.0027 86.0111 84.8498 85.4026 86.4829 86.3892 86.7808 86.7906 86.4280 85.9294 83.3526 82.9735 83.0653 86.0368 88.7651 87.5724 -9999.0000 -9999.0000 -9999.0000 -9999.0000 -9999.0000 -9999.0000 -9999.0000 -9999.0000 -9999.0000 -9999.0000 -9999.0000 -9999.0000
-9999.0000 -9999.0000 -9999.0000 -9999.0000 -9999.0000 84.9603 86.2179 88.5706 89.6205 90.3835 87.5441 87.8318 87.7196 88.4582 89.9624 93.9130 97.1000 -9999.0000 -9999.0000 -9999.0000 -9999.0000 -9999.0000 -9999.0000 -9999.0000 89.9911 91.9465 87.1064 85.8205 83.5979 83.8925 84.6467 85.0433 84.3097 84.8904 85.3432 85.5927 86.3831 86.4763 85.8529 84.5599 82.6556 81.2901 85.6423 86.7842 86.2124 -9999.0000 -9999.0000 -9999.0000 -9999.0000 -9999.0000 -9999.0000 -9999.0000 -9999.0000 -9999.0000 -9999.0000 -9999.0000 -9999.0000
-9999.0000 -9999.0000 -9999.0000 -9999.0000 -9999.0000 -9999.0000 -9999.0000 -9999.0000 -9999.0000 -9999.0000 88.5865 87.6985 88.0032 88.4277 87.5706 92.9052 93.5224 -9999.0000 -9999.0000 -9999.0000 -9999.0000 -9999.0000 -9999.0000 -9999.0000 -9999.0000 89.4876 89.4098 86.0649 84.0477 83.0737 82.7831 82.4961 82.3479 84.5351 83.2556 84.7812 85.0795 85.6309 86.3937 85.7112 83.1587 82.3685 84.6355 85.3822 85.1975 84.9332 83.5327 84.1631 86.5166 87.4684 -9999.0000 -9999.0000 -9999.0000 -9999.0000 -9999.0000 -9999.0000 -9999.0000
-9999.0000 -9999.0000 -9999.0000 -9999.0000 -9999.0000 -9999.0000 -9999.0000 -9999.0000 -9999.0000 -9999.0000 -9999.0000 -9999.0000 -9999.0000 -9999.0000 87.3000 88.1519 -9999.0000 -9999.0000 -9999.0000 -9999.0000 -9999.0000 -9999.0000 -9999.0000 -9999.0000 -9999.0000 -9999.0000 -9999.0000 86.5074 84.3954 83.3015 82.7814 82.7725 84.4850 86.8008 85.9966 85.6345 85.7023 86.1012 87.2459 85.0475 83.6751 82.7155 81.9446 83.5813 85.2790 83.6524 80.5322 85.0131 86.9441 87.5926 87.8686 86.5311 -9999.0000 -9999.0000 -9999.0000 -9999.0000 -9999.0000
-9999.0000 -9999.0000 -9999.0000 -9999.0000 -9999.0000 -9999.0000 -9999.0000 -9999.0000 -9999.0000 -9999.0000 -9999.0000 -9999.0000 -9999.0000 -9999.0000 84.9937 -9999.0000 -9999.0000 -9999.0000 -9999.0000 -9999.0000 -9999.0000 -9999.0000 -9999.0000 -9999.0000 -9999.0000 -9999.0000 -9999.0000 -9999.0000 -9999.0000 -9999.0000 -9999.0000 -9999.0000 84.6861 85.7608 86.6785 88.2822 87.1829 88.0149 86.6553 85.0830 83.0275 82.9662 83.6127 84.4231 84.4372 82.6480 85.1803 85.1193 85.4702 86.2553 86.6868 85.7668 85.8022 86.4346 87.0279 87.1768 86.8406
-9999.0000 -9999.0000 -9999.0000 -9999.0000 -9999.0000 -9999.0000 -9999.0000 -9999.0000 -9999.0000 -9999.0000 -9999.0000 -9999.0000 -9999.0000 -9999.0000 -9999.0000 -9999.0000 -9999.0000 -9999.0000 -9999.0000 -9999.0000 -9999.0000 -9999.0000 -9999.0000 -9999.0000 -9999.0000 -9999.0000 -9999.0000 -9999.0000 -9999.0000 -9999.0000 -9999.0000 -9999.0000 -9999.0000 -9999.0000 -9999.0000 -9999.0000 87.8267 87.2844 86.5844 84.9219 84.2022 85.7322 85.5188 84.4980 83.8361 84.0885 84.3159 85.2566 85.6149 86.1582 86.2204 85.7363 86.1477 86.1348 87.6536 87.2952 86.5816
-9999.0000 -9999.0000 -9999.0000 -9999.0000 -9999.0000 -9999.0000 -9999.0000 -9999.0000 -9999.0000 -9999.0000 -9999.0000 -9999.0000 -9999.0000 -9999.0000 -9999.0000 -9999.0000 -9999.0000 -9999.0000 -9999.0000 -9999.0000 -9999.0000 -9999.0000 -9999.0000 -9999.0000 -9999.0000 -9999.0000 -9999.0000 -9999.0000 -9999.0000 -9999.0000 -9999.0000 -9999.0000 -9999.0000 -9999.0000 -9999.0000 -9999.0000 -9999.0000 -9999.0000 -9999.0000 -9999.0000 -9999.0000 -9999.0000 -9999.0000 -9999.0000 -9999.0000 -9999.0000 -9999.0000 -9999.0000 -9999.0000 -9999.0000 85.4439 84.6249 85.3397 86.1406 86.0303 85.9745 86.0061
-9999.0000 -9999.0000 -9999.0000 -9999.0000 -9999.0000 -9999.0000 -9999.0000 -9999.0000 -9999.0000 -9999.0000 -9999.0000 -9999.0000 -9999.0000 -9999.0000 -9999.0000 -9999.0000 -9999.0000 -9999.0000 -9999.0000 -9999.0000 -9999.0000 -9999.0000 -9999.0000 -9999.0000 -9999.0000 -9999.0000 -9999.0000 -9999.0000 -9999.0000 -9999.0000 -9999.0000 -9999.0000 -9999.0000 -9999.0000 -9999.0000 -9999.0000 -9999.0000 -9999.0000 -9999.0000 -9999.0000 -9999.0000 -9999.0000 -9999.0000 -9999.0000 -9999.0000 -9999.0000 -9999.0000 -9999.0000 -9999.0000 -9999.0000 -9999.0000 85.1940 85.6220 85.4727 85.2653 84.9953 84.8787
-9999.0000 -9999.0000 -9999.0000 -9999.0000 -9999.0000 -9999.0000 -9999.0000 -9999.0000 -9999.0000 -9999.0000 -9999.0000 -9999.0000 -9999.0000 -9999.0000 -9999.0000 -9999.0000 -9999.0000 -9999.0000 -9999.0000 -9999.0000 -9999.0000 -9999.0000 -9999.0000 -9999.0000 -9999.0000 -9999.0000 -9999.0000 -9999.0000 -9999.0000 -9999.0000 -9999.0000 -9999.0000 -9999.0000 -9999.0000 -9999.0000 -9999.0000 -9999.0000 -9999.0000 -9999.0000 -9999.0000 -9999.0000 -9999.0000 -9999.0000 -9999.0000 -9999.0000 -9999.0000 -9999.0000 -9999.0000 -9999.0000 -9999.0000 -9999.0000 85.8075 86.6065 85.7716 85.8166 84.4191 85.0587
-9999.0000 -9999.0000 -9999.0000 -9999.0000 -9999.0000 -9999.0000 -9999.0000 -9999.0000 -9999.0000 -9999.0000 -9999.0000 -9999.0000 -9999.0000 -9999.0000 -9999.0000 -9999.0000 -9999.0000 -9999.0000 -9999.0000 -9999.0000 -9999.0000 -9999.0000 -9999.0000 -9999.0000 -9999.0000 -9999.0000 -9999.0000 -9999.0000 -9999.0000 -9999.0000 -9999.0000 -9999.0000 -9999.0000 -9999.0000 -9999.0000 -9999.0000 -9999.0000 -9999.0000 -9999.0000 -9999.0000 -9999.0000 -9999.0000 -9999.0000 -9999.0000 -9999.0000 -9999.0000 -9999.0000 -9999.0000 -9999.0000 -9999.0000 -9999.0000 -9999.0000 -9999.0000 85.6946 84.5837 84.1506 85.4274
-9999.0000 -9999.0000 -9999.0000 -9999.0000 -9999.0000 -9999.0000 -9999.0000 -9999.0000 -9999.0000 -9999.0000 -9999.0000 -9999.0000 -9999.0000 -9999.0000 -9999.0000 -9999.0000 -9999.0000 -9999.0000 -9999.0000 -9999.0000 -9999.0000 -9999.0000 -9999.0000 -9999.0000 -9999.0000 -9999.0000 -9999.0000 -9999.0000 -9999.0000 -9999.0000 -9999.0000 -9999.0000 -9999.0000 -9999.0000 -9999.0000 -9999.0000 -9999.0000 -9999.0000 -9999.0000 -9999.0000 -9999.0000 -9999.0000 -9999.0000 -9999.0000 -9999.0000 -9999.0000 -9999.0000 -9999.0000 -9999.0000 -9999.0000 -9999.0000 -9999.0000 -9999.0000 -9999.0000 83.8864 82.9248 84.2516
-9999.0000 -9999.0000 -9999.0000 -9999.0000 -9999.0000 -9999.0000 -9999.0000 -9999.0000 -9999.0000 -9999.0000 -9999.0000 -9999.0000 -9999.0000 -9999.0000 -9999.0000 -9999.0000 -9999.0000 -9999.0000 -9999.0000 -9999.0000 -9999.0000 -9999.0000 -9999.0000 -9999.0000 -9999.0000 -9999.0000 -9999.0000 -9999.0000 -9999.0000 -9999.0000 -9999.0000 -9999.0000 -9999.0000 -9999.0000 -9999.0000 -9999.0000 -9999.0000 -9999.0000 -9999.0000 -9999.0000 -9999.0000 -9999.0000 -9999.0000 -9999.0000 -9999.0000 -9999.0000 -9999.0000 -9999.0000 -9999.0000 -9999.0000 -9999.0000 -9999.0000 -9999.0000 -9999.0000 -9999.0000 84.3187 85.7799
