example_data/selke/layers/ntgwl1_base.asc
ncols 206
nrows 204
xllcorner 4432837.5
yllcorner 5724937.5
cellsize 200.0
NODATA_value -9999.0
[rows 0 to 25 of 204, columns 58 to 115 of 206]
-9999.0000 -9999.0000 -9999.0000 -9999.0000 -9999.0000 -9999.0000 -9999.0000 -9999.0000 -9999.0000 -9999.0000 50.4912 49.7891 51.2737 53.4571 57.3820 57.9763 57.6128 57.3555 57.1320 -9999.0000 -9999.0000 -9999.0000 -9999.0000 -9999.0000 -9999.0000 -9999.0000 -9999.0000 -9999.0000 -9999.0000 -9999.0000 -9999.0000 -9999.0000 -9999.0000 -9999.0000 -9999.0000 -9999.0000 -9999.0000 -9999.0000 -9999.0000 -9999.0000 -9999.0000 -9999.0000 -9999.0000 -9999.0000 -9999.0000 -9999.0000 -9999.0000 -9999.0000 -9999.0000 -9999.0000 -9999.0000 -9999.0000 -9999.0000 -9999.0000 -9999.0000 -9999.0000 -9999.0000 -9999.0000
-9999.0000 -9999.0000 -9999.0000 -9999.0000 -9999.0000 -9999.0000 -9999.0000 -9999.0000 -9999.0000 -9999.0000 50.6917 50.9928 51.6211 53.0998 55.3217 59.0194 59.2243 58.9644 58.2270 53.9812 53.0690 -9999.0000 -9999.0000 -9999.0000 -9999.0000 -9999.0000 -9999.0000 -9999.0000 -9999.0000 -9999.0000 -9999.0000 -9999.0000 -9999.0000 -9999.0000 -9999.0000 -9999.0000 -9999.0000 -9999.0000 -9999.0000 -9999.0000 -9999.0000 -9999.0000 -9999.0000 -9999.0000 -9999.0000 -9999.0000 -9999.0000 -9999.0000 -9999.0000 -9999.0000 -9999.0000 -9999.0000 -9999.0000 -9999.0000 -9999.0000 -9999.0000 -9999.0000 -9999.0000
-9999.0000 -9999.0000 -9999.0000 -9999.0000 -9999.0000 -9999.0000 -9999.0000 -9999.0000 -9999.0000 51.3997 52.7602 52.7172 53.0036 53.6670 54.7906 56.7281 60.4255 60.1660 55.9272 53.4426 51.7831 49.8027 -9999.0000 -9999.0000 -9999.0000 -9999.0000 -9999.0000 -9999.0000 -9999.0000 -9999.0000 -9999.0000 -9999.0000 -9999.0000 -9999.0000 -9999.0000 -9999.0000 -9999.0000 -9999.0000 -9999.0000 -9999.0000 -9999.0000 -9999.0000 -9999.0000 -9999.0000 -9999.0000 -9999.0000 -9999.0000 -9999.0000 -9999.0000 -9999.0000 -9999.0000 -9999.0000 -9999.0000 -9999.0000 -9999.0000 -9999.0000 -9999.0000 -9999.0000
-9999.0000 -9999.0000 -9999.0000 -9999.0000 -9999.0000 -9999.0000 -9999.0000 -9999.0000 -9999.0000 51.2823 50.8647 50.5761 50.5316 51.3867 51.2904 52.9239 55.6378 55.3774 52.1116 49.9408 49.5012 48.1239 43.7562 -9999.0000 -9999.0000 -9999.0000 -9999.0000 -9999.0000 -9999.0000 -9999.0000 -9999.0000 -9999.0000 -9999.0000 -9999.0000 -9999.0000 -9999.0000 -9999.0000 -9999.0000 -9999.0000 -9999.0000 -9999.0000 -9999.0000 -9999.0000 -9999.0000 -9999.0000 -9999.0000 -9999.0000 -9999.0000 -9999.0000 -9999.0000 -9999.0000 -9999.0000 -9999.0000 -9999.0000 -9999.0000 -9999.0000 -9999.0000 -9999.0000
-9999.0000 -9999.0000 -9999.0000 -9999.0000 -9999.0000 -9999.0000 -9999.0000 -9999.0000 43.4203 45.5316 44.8900 44.2664 46.6976 45.7565 45.5099 45.9817 44.9002 44.5961 45.1347 44.5137 43.1667 43.4943 39.6503 37.0451 33.3665 33.7375 34.1975 35.5656 -9999.0000 -9999.0000 -9999.0000 -9999.0000 -9999.0000 -9999.0000 -9999.0000 -9999.0000 -9999.0000 -9999.0000 -9999.0000 -9999.0000 -9999.0000 -9999.0000 -9999.0000 -9999.0000 -9999.0000 -9999.0000 -9999.0000 -9999.0000 -9999.0000 -9999.0000 -9999.0000 -9999.0000 -9999.0000 -9999.0000 -9999.0000 -9999.0000 -9999.0000 -9999.0000
-9999.0000 -9999.0000 -9999.0000 -9999.0000 -9999.0000 -9999.0000 -9999.0000 -9999.0000 38.6124 38.2550 37.4473 43.4848 42.3451 41.5494 41.3354 39.7416 36.6578 36.3484 38.8775 40.4196 40.2948 39.9160 40.5303 33.8993 34.1007 32.0997 35.0122 35.4805 36.2042 36.1022 -9999.0000 -9999.0000 -9999.0000 -9999.0000 -9999.0000 -9999.0000 -9999.0000 -9999.0000 -9999.0000 -9999.0000 -9999.0000 -9999.0000 -9999.0000 -9999.0000 -9999.0000 -9999.0000 -9999.0000 -9999.0000 -9999.0000 -9999.0000 -9999.0000 -9999.0000 -9999.0000 -9999.0000 -9999.0000 -9999.0000 -9999.0000 -9999.0000
-9999.0000 -9999.0000 -9999.0000 -9999.0000 -9999.0000 -9999.0000 -9999.0000 37.1458 36.7374 37.0070 43.7970 42.2733 40.7718 40.3582 38.7386 35.2029 32.5835 32.2923 34.4031 37.4477 39.3751 39.4292 39.2846 40.0271 32.5241 33.3425 34.6729 35.0811 34.9241 36.0613 37.2193 37.6667 -9999.0000 -9999.0000 -9999.0000 -9999.0000 -9999.0000 -9999.0000 -9999.0000 -9999.0000 -9999.0000 -9999.0000 -9999.0000 -9999.0000 -9999.0000 -9999.0000 -9999.0000 -9999.0000 -9999.0000 -9999.0000 -9999.0000 -9999.0000 -9999.0000 -9999.0000 -9999.0000 -9999.0000 -9999.0000 -9999.0000
-9999.0000 -9999.0000 -9999.0000 -9999.0000 -9999.0000 -9999.0000 -9999.0000 36.8851 36.3482 42.2737 43.5608 41.4022 41.0079 38.9805 36.1971 33.0089 31.5492 31.2743 32.1901 34.8185 37.8591 39.9553 40.0936 39.1104 37.9532 32.7247 33.9035 35.1470 35.8119 36.0242 37.1851 38.5956 40.5244 -9999.0000 -9999.0000 -9999.0000 -9999.0000 -9999.0000 -9999.0000 -9999.0000 -9999.0000 -9999.0000 -9999.0000 -9999.0000 -9999.0000 -9999.0000 -9999.0000 -9999.0000 -9999.0000 -9999.0000 -9999.0000 -9999.0000 -9999.0000 -9999.0000 -9999.0000 -9999.0000 -9999.0000 -9999.0000
-9999.0000 -9999.0000 -9999.0000 -9999.0000 -9999.0000 -9999.0000 38.0966 37.4837 42.3683 42.4942 45.0664 42.1424 40.2590 37.4288 34.4846 32.8230 31.9498 31.6754 32.0188 33.1423 36.0948 37.5230 39.2999 39.7976 37.2635 37.3236 33.6031 34.9130 36.3150 38.2012 37.5687 39.1535 43.8241 43.0825 43.1555 43.1746 42.7436 41.9559 41.2519 40.7090 41.0105 -9999.0000 -9999.0000 -9999.0000 -9999.0000 -9999.0000 -9999.0000 -9999.0000 -9999.0000 -9999.0000 -9999.0000 -9999.0000 -9999.0000 -9999.0000 -9999.0000 -9999.0000 -9999.0000 -9999.0000
-9999.0000 -9999.0000 -9999.0000 -9999.0000 -9999.0000 -9999.0000 39.2589 38.7588 42.9527 42.9190 43.7460 41.9762 39.3943 36.8285 35.0357 33.9745 33.3851 33.1242 33.1805 33.3235 34.2463 36.3248 38.6546 38.5646 38.1684 33.2029 34.0231 35.1524 36.5593 38.3080 40.4297 47.8078 42.6259 42.7203 43.1598 43.5865 42.7774 41.8670 41.2233 40.6652 40.2383 42.1279 45.1316 49.2886 52.5737 55.1153 57.8595 -9999.0000 -9999.0000 -9999.0000 -9999.0000 -9999.0000 -9999.0000 -9999.0000 -9999.0000 -9999.0000 -9999.0000 -9999.0000
-9999.0000 -9999.0000 -9999.0000 -9999.0000 -9999.0000 40.4281 40.3897 39.9170 43.9312 43.8332 43.6216 41.0913 38.8539 37.3335 36.2414 35.5052 35.0528 34.7718 34.5400 34.3410 34.5606 35.3634 37.1569 37.8102 38.5652 33.7330 34.3119 35.4236 36.6367 39.6718 45.0802 45.6642 46.5887 41.3637 42.2168 43.1094 43.5990 42.0853 41.4738 41.4451 39.7130 43.2765 45.6383 49.4838 52.7437 55.4936 57.1086 60.9763 62.5820 63.0880 63.6493 63.9080 -9999.0000 -9999.0000 -9999.0000 -9999.0000 -9999.0000 -9999.0000
-9999.0000 -9999.0000 -9999.0000 -9999.0000 -9999.0000 42.4469 41.6357 41.2226 45.0012 47.3247 44.3519 40.7791 39.6549 38.7568 37.9471 37.4797 37.0322 36.7479 36.4458 35.9736 35.5342 35.6137 36.4245 36.9255 37.9039 34.3632 34.6286 35.5653 37.9833 42.2362 42.7949 43.6498 45.1535 46.9964 49.6268 45.7992 46.8918 47.0470 46.4884 45.0155 43.8802 46.9022 51.1618 53.8625 56.7622 59.5277 64.8792 64.0107 62.4030 62.9380 63.9229 64.0872 63.7140 64.1651 -9999.0000 -9999.0000 -9999.0000 -9999.0000
-9999.0000 -9999.0000 -9999.0000 -9999.0000 -9999.0000 44.8284 42.9337 42.6062 45.1232 47.4754 45.1060 43.7032 41.0496 40.6071 40.1523 39.6523 39.3186 39.0654 38.5982 37.9752 37.1696 37.7467 37.0076 36.5469 36.5750 35.1318 34.9595 39.8669 40.2062 40.1287 40.8339 42.0703 43.9912 46.6943 49.5005 52.8532 51.1795 52.0060 51.6765 51.8461 51.8148 53.4706 55.6197 58.7198 62.0226 66.9508 67.7693 66.8539 66.3998 66.8629 66.7507 67.3983 66.2235 62.5577 62.5508 61.9397 62.6074 64.1959
-9999.0000 -9999.0000 -9999.0000 -9999.0000 47.2949 48.2542 48.9543 44.0123 49.2722 48.7714 46.9175 45.5296 42.7165 42.6518 42.3042 41.9843 41.6546 41.4727 41.0362 40.0251 38.8856 39.7031 38.1589 37.0559 36.2842 36.1934 38.4581 38.6681 38.3431 38.4860 39.4254 40.9859 43.4414 46.3233 49.4570 52.9287 53.4576 54.3904 57.5513 60.1931 62.6572 61.1288 61.1316 61.6844 65.4526 68.4574 70.9751 73.0693 68.2965 68.3488 73.3817 71.9750 69.1192 64.1755 61.9141 61.5556 62.3493 63.9172
-9999.0000 -9999.0000 -9999.0000 -9999.0000 49.2819 48.8019 49.6775 50.6788 51.7315 51.0222 49.3576 47.8042 47.6863 44.8776 44.5683 44.3876 44.1585 44.0765 43.7217 42.5560 43.3115 41.9908 39.9441 38.0155 39.6017 38.9434 37.6468 36.9174 36.9561 37.3175 38.5313 40.6447 43.0726 46.0687 49.2719 51.9566 54.8686 58.0172 61.2113 66.2342 70.3128 66.7168 64.9805 65.2568 66.8805 69.9734 74.1000 72.8812 -9999.0000 -9999.0000 -9999.0000 71.4920 67.2093 64.2635 61.9978 61.9503 62.7141 63.9717
-9999.0000 -9999.0000 -9999.0000 -9999.0000 50.8575 50.7894 50.9182 55.3940 56.7287 54.0983 52.5207 50.3352 50.2721 50.1533 46.9680 48.8307 47.2838 46.7586 46.6422 46.8498 46.2588 44.5165 41.9430 40.0521 39.8451 38.3348 36.3948 35.7359 35.8784 36.7145 38.3215 40.4977 42.9645 45.9252 48.9676 52.5072 56.6786 60.7323 64.0423 67.8767 70.1273 69.1023 67.1551 66.9749 68.3358 69.9472 -9999.0000 -9999.0000 -9999.0000 -9999.0000 -9999.0000 -9999.0000 -9999.0000 66.5131 64.3704 63.2893 63.3129 64.0192
-9999.0000 -9999.0000 -9999.0000 -9999.0000 52.6444 52.9811 56.4929 57.5557 58.9071 57.2659 55.9182 52.9979 52.9147 52.2263 52.9986 51.3842 49.4102 49.1109 49.6217 50.2305 49.4364 47.4739 44.5628 41.7930 40.0704 37.2748 35.6127 34.8780 35.5363 36.6988 38.3141 40.5471 42.9538 45.9065 49.0636 52.6737 56.7669 60.6644 66.6753 70.3368 71.5210 69.8455 68.2695 67.4886 -9999.0000 -9999.0000 -9999.0000 -9999.0000 -9999.0000 -9999.0000 -9999.0000 -9999.0000 -9999.0000 65.7782 66.4512 66.0832 65.1454 61.9064
-9999.0000 -9999.0000 51.6231 50.1645 53.3956 55.8914 59.8844 61.7149 61.6774 60.5287 59.9770 56.4149 55.8359 57.9502 55.4828 53.1784 51.4403 51.3035 52.6737 53.7500 53.0175 51.1995 47.3161 43.3580 39.9688 37.1775 35.3414 34.6304 35.7453 36.9769 38.4569 40.6973 43.2143 46.0848 49.4136 52.9579 56.6973 60.3229 65.8922 69.5111 70.5678 -9999.0000 -9999.0000 -9999.0000 -9999.0000 -9999.0000 -9999.0000 -9999.0000 -9999.0000 -9999.0000 -9999.0000 -9999.0000 -9999.0000 -9999.0000 -9999.0000 65.1658 62.9834 63.0379
-9999.0000 55.0797 51.9032 52.8016 55.9858 59.2285 63.4929 66.0189 66.5114 64.1910 63.5618 60.2009 61.3603 60.7616 57.3865 55.4101 53.7004 53.1526 55.3594 57.1567 56.8784 54.4398 49.6705 44.8623 40.8289 37.8614 36.2363 35.5092 36.1945 37.5399 39.1080 41.3101 43.7883 46.8613 50.0025 53.2033 60.8108 62.7388 -9999.0000 -9999.0000 -9999.0000 -9999.0000 -9999.0000 -9999.0000 -9999.0000 -9999.0000 -9999.0000 -9999.0000 -9999.0000 -9999.0000 -9999.0000 -9999.0000 -9999.0000 -9999.0000 -9999.0000 -9999.0000 63.1549 63.4435
62.2848 57.8446 55.4912 56.3821 59.7485 62.9381 67.4343 70.1559 71.2618 69.2638 67.5283 66.3114 63.5496 62.6047 59.7764 57.8042 56.0111 55.0501 57.0703 59.6688 59.4053 56.7761 52.2878 46.7140 42.6786 39.5864 38.0470 36.9278 37.4462 38.4557 40.0211 42.2281 44.8697 47.6478 50.6862 57.5686 61.5911 65.3300 69.2647 70.1635 -9999.0000 -9999.0000 -9999.0000 -9999.0000 -9999.0000 -9999.0000 -9999.0000 -9999.0000 -9999.0000 -9999.0000 -9999.0000 -9999.0000 -9999.0000 -9999.0000 -9999.0000 -9999.0000 -9999.0000 -9999.0000
65.2529 63.7570 60.0296 60.9992 63.2359 66.6384 70.1465 74.1782 75.5816 73.7556 73.2199 68.4792 64.2237 64.7403 62.2975 59.8741 58.5706 57.9145 59.1053 60.5741 60.0437 58.0871 52.5652 48.5905 44.9533 42.0602 40.3036 38.9334 39.0673 40.0576 41.2974 43.5293 46.0679 51.7203 55.0814 57.3109 61.6270 65.2138 68.9770 72.2489 -9999.0000 -9999.0000 -9999.0000 -9999.0000 -9999.0000 -9999.0000 -9999.0000 -9999.0000 -9999.0000 -9999.0000 -9999.0000 -9999.0000 -9999.0000 -9999.0000 -9999.0000 -9999.0000 -9999.0000 -9999.0000
71.2130 70.1657 69.8571 69.3255 65.0498 66.6736 72.2782 78.1497 79.2293 76.8226 75.5536 70.7867 66.0028 65.9789 64.9110 62.9903 61.7268 61.5721 61.5756 61.5820 61.3935 55.6270 53.4254 49.9615 47.4899 44.7696 42.9922 40.3241 39.3528 40.1408 41.6281 43.6315 47.1058 50.9565 -9999.0000 -9999.0000 -9999.0000 66.2028 68.9932 72.5312 72.1896 -9999.0000 -9999.0000 -9999.0000 -9999.0000 -9999.0000 -9999.0000 -9999.0000 -9999.0000 -9999.0000 -9999.0000 -9999.0000 -9999.0000 -9999.0000 -9999.0000 -9999.0000 -9999.0000 -9999.0000
77.4807 72.1791 69.7828 -9999.0000 -9999.0000 -9999.0000 -9999.0000 -9999.0000 78.0672 77.2018 73.9598 72.6761 67.8301 67.9147 67.2066 66.6432 66.3525 65.8263 64.6135 63.5759 60.4247 58.4099 53.6854 51.6432 49.4103 47.3712 45.0443 -9999.0000 -9999.0000 -9999.0000 -9999.0000 -9999.0000 -9999.0000 -9999.0000 -9999.0000 -9999.0000 -9999.0000 -9999.0000 71.1044 71.7887 -9999.0000 -9999.0000 -9999.0000 -9999.0000 -9999.0000 -9999.0000 -9999.0000 -9999.0000 -9999.0000 -9999.0000 -9999.0000 -9999.0000 -9999.0000 -9999.0000 -9999.0000 -9999.0000 -9999.0000 -9999.0000
78.3586 -9999.0000 -9999.0000 -9999.0000 -9999.0000 -9999.0000 -9999.0000 -9999.0000 -9999.0000 -9999.0000 -9999.0000 -9999.0000 69.8287 70.8938 70.3957 70.4440 71.0063 70.6036 68.2509 65.2819 63.7403 61.9106 56.4123 51.5796 49.4749 -9999.0000 -9999.0000 -9999.0000 -9999.0000 -9999.0000 -9999.0000 -9999.0000 -9999.0000 -9999.0000 -9999.0000 -9999.0000 -9999.0000 -9999.0000 -9999.0000 -9999.0000 -9999.0000 -9999.0000 -9999.0000 -9999.0000 -9999.0000 -9999.0000 -9999.0000 -9999.0000 -9999.0000 -9999.0000 -9999.0000 -9999.0000 -9999.0000 -9999.0000 -9999.0000 -9999.0000 -9999.0000 -9999.0000
-9999.0000 -9999.0000 -9999.0000 -9999.0000 -9999.0000 -9999.0000 -9999.0000 -9999.0000 -9999.0000 -9999.0000 -9999.0000 -9999.0000 -9999.0000 -9999.0000 71.3707 73.7493 74.3316 73.9623 70.8360 67.7724 67.0235 64.2248 -9999.0000 -9999.0000 -9999.0000 -9999.0000 -9999.0000 -9999.0000 -9999.0000 -9999.0000 -9999.0000 -9999.0000 -9999.0000 -9999.0000 -9999.0000 -9999.0000 -9999.0000 -9999.0000 -9999.0000 -9999.0000 -9999.0000 -9999.0000 -9999.0000 -9999.0000 -9999.0000 -9999.0000 -9999.0000 -9999.0000 -9999.0000 -9999.0000 -9999.0000 -9999.0000 -9999.0000 -9999.0000 -9999.0000 -9999.0000 -9999.0000 -9999.0000
-9999.0000 -9999.0000 -9999.0000 -9999.0000 -9999.0000 -9999.0000 -9999.0000 -9999.0000 -9999.0000 -9999.0000 -9999.0000 -9999.0000 -9999.0000 -9999.0000 -9999.0000 -9999.0000 74.0144 73.0433 70.8569 68.5439 -9999.0000 -9999.0000 -9999.0000 -9999.0000 -9999.0000 -9999.0000 -9999.0000 -9999.0000 -9999.0000 -9999.0000 -9999.0000 -9999.0000 -9999.0000 -9999.0000 -9999.0000 -9999.0000 -9999.0000 -9999.0000 -9999.0000 -9999.0000 -9999.0000 -9999.0000 -9999.0000 -9999.0000 -9999.0000 -9999.0000 -9999.0000 -9999.0000 -9999.0000 -9999.0000 -9999.0000 -9999.0000 -9999.0000 -9999.0000 -9999.0000 -9999.0000 -9999.0000 -9999.0000
