example_data/selke/layers/ntgwl1_top.asc
ncols 206
nrows 204
xllcorner 4432837.5
yllcorner 5724937.5
cellsize 200.0
NODATA_value -9999.0
[rows 0 to 25 of 204, columns 58 to 115 of 206]
-9999.0000 -9999.0000 -9999.0000 -9999.0000 -9999.0000 -9999.0000 -9999.0000 -9999.0000 -9999.0000 -9999.0000 78.2000 78.3000 79.7000 79.3000 79.0000 78.7000 78.6000 78.4000 78.7000 -9999.0000 -9999.0000 -9999.0000 -9999.0000 -9999.0000 -9999.0000 -9999.0000 -9999.0000 -9999.0000 -9999.0000 -9999.0000 -9999.0000 -9999.0000 -9999.0000 -9999.0000 -9999.0000 -9999.0000 -9999.0000 -9999.0000 -9999.0000 -9999.0000 -9999.0000 -9999.0000 -9999.0000 -9999.0000 -9999.0000 -9999.0000 -9999.0000 -9999.0000 -9999.0000 -9999.0000 -9999.0000 -9999.0000 -9999.0000 -9999.0000 -9999.0000 -9999.0000 -9999.0000 -9999.0000
-9999.0000 -9999.0000 -9999.0000 -9999.0000 -9999.0000 -9999.0000 -9999.0000 -9999.0000 -9999.0000 -9999.0000 78.9000 78.0000 80.5000 78.8000 77.3000 78.9000 78.6000 78.4000 78.3000 76.8000 76.7000 -9999.0000 -9999.0000 -9999.0000 -9999.0000 -9999.0000 -9999.0000 -9999.0000 -9999.0000 -9999.0000 -9999.0000 -9999.0000 -9999.0000 -9999.0000 -9999.0000 -9999.0000 -9999.0000 -9999.0000 -9999.0000 -9999.0000 -9999.0000 -9999.0000 -9999.0000 -9999.0000 -9999.0000 -9999.0000 -9999.0000 -9999.0000 -9999.0000 -9999.0000 -9999.0000 -9999.0000 -9999.0000 -9999.0000 -9999.0000 -9999.0000 -9999.0000 -9999.0000
-9999.0000 -9999.0000 -9999.0000 -9999.0000 -9999.0000 -9999.0000 -9999.0000 -9999.0000 -9999.0000 79.6000 79.8000 79.5000 79.9000 78.8000 79.1000 78.5000 78.8000 78.3000 77.8000 77.7000 78.1000 78.5000 -9999.0000 -9999.0000 -9999.0000 -9999.0000 -9999.0000 -9999.0000 -9999.0000 -9999.0000 -9999.0000 -9999.0000 -9999.0000 -9999.0000 -9999.0000 -9999.0000 -9999.0000 -9999.0000 -9999.0000 -9999.0000 -9999.0000 -9999.0000 -9999.0000 -9999.0000 -9999.0000 -9999.0000 -9999.0000 -9999.0000 -9999.0000 -9999.0000 -9999.0000 -9999.0000 -9999.0000 -9999.0000 -9999.0000 -9999.0000 -9999.0000 -9999.0000
-9999.0000 -9999.0000 -9999.0000 -9999.0000 -9999.0000 -9999.0000 -9999.0000 -9999.0000 -9999.0000 79.4000 80.8000 80.0000 79.7000 79.4000 78.6000 78.8000 78.3000 77.7000 78.0000 78.5000 78.1000 78.0000 76.7000 -9999.0000 -9999.0000 -9999.0000 -9999.0000 -9999.0000 -9999.0000 -9999.0000 -9999.0000 -9999.0000 -9999.0000 -9999.0000 -9999.0000 -9999.0000 -9999.0000 -9999.0000 -9999.0000 -9999.0000 -9999.0000 -9999.0000 -9999.0000 -9999.0000 -9999.0000 -9999.0000 -9999.0000 -9999.0000 -9999.0000 -9999.0000 -9999.0000 -9999.0000 -9999.0000 -9999.0000 -9999.0000 -9999.0000 -9999.0000 -9999.0000
-9999.0000 -9999.0000 -9999.0000 -9999.0000 -9999.0000 -9999.0000 -9999.0000 -9999.0000 79.6000 80.2000 79.5000 79.3000 79.6000 80.1000 80.0000 79.3000 78.5000 77.8000 77.5000 78.6000 77.9000 77.7000 78.0000 77.0000 77.4000 77.5000 77.3000 76.4000 -9999.0000 -9999.0000 -9999.0000 -9999.0000 -9999.0000 -9999.0000 -9999.0000 -9999.0000 -9999.0000 -9999.0000 -9999.0000 -9999.0000 -9999.0000 -9999.0000 -9999.0000 -9999.0000 -9999.0000 -9999.0000 -9999.0000 -9999.0000 -9999.0000 -9999.0000 -9999.0000 -9999.0000 -9999.0000 -9999.0000 -9999.0000 -9999.0000 -9999.0000 -9999.0000
-9999.0000 -9999.0000 -9999.0000 -9999.0000 -9999.0000 -9999.0000 -9999.0000 -9999.0000 80.1000 79.5000 79.4000 79.7000 79.2000 79.4000 79.8000 80.2000 80.0000 80.3000 78.0000 77.7000 78.3000 78.3000 78.0000 78.0000 77.9000 77.8000 77.7000 76.8000 76.2000 77.6000 -9999.0000 -9999.0000 -9999.0000 -9999.0000 -9999.0000 -9999.0000 -9999.0000 -9999.0000 -9999.0000 -9999.0000 -9999.0000 -9999.0000 -9999.0000 -9999.0000 -9999.0000 -9999.0000 -9999.0000 -9999.0000 -9999.0000 -9999.0000 -9999.0000 -9999.0000 -9999.0000 -9999.0000 -9999.0000 -9999.0000 -9999.0000 -9999.0000
-9999.0000 -9999.0000 -9999.0000 -9999.0000 -9999.0000 -9999.0000 -9999.0000 80.3000 80.0000 79.5000 79.8000 79.7000 79.2000 79.1000 79.0000 79.1000 79.3000 79.4000 79.9000 78.7000 78.6000 78.2000 77.9000 77.8000 77.3000 77.9000 77.5000 77.5000 76.8000 76.7000 77.4000 76.7000 -9999.0000 -9999.0000 -9999.0000 -9999.0000 -9999.0000 -9999.0000 -9999.0000 -9999.0000 -9999.0000 -9999.0000 -9999.0000 -9999.0000 -9999.0000 -9999.0000 -9999.0000 -9999.0000 -9999.0000 -9999.0000 -9999.0000 -9999.0000 -9999.0000 -9999.0000 -9999.0000 -9999.0000 -9999.0000 -9999.0000
-9999.0000 -9999.0000 -9999.0000 -9999.0000 -9999.0000 -9999.0000 -9999.0000 80.5000 79.8000 79.6000 79.2000 79.3000 79.3000 79.1000 78.9000 78.8000 78.9000 77.9000 79.0000 79.5000 79.7000 79.9000 78.8000 77.9000 77.9000 77.7000 77.8000 77.4000 76.8000 76.8000 76.2000 76.2000 76.0000 -9999.0000 -9999.0000 -9999.0000 -9999.0000 -9999.0000 -9999.0000 -9999.0000 -9999.0000 -9999.0000 -9999.0000 -9999.0000 -9999.0000 -9999.0000 -9999.0000 -9999.0000 -9999.0000 -9999.0000 -9999.0000 -9999.0000 -9999.0000 -9999.0000 -9999.0000 -9999.0000 -9999.0000 -9999.0000
-9999.0000 -9999.0000 -9999.0000 -9999.0000 -9999.0000 -9999.0000 80.5000 80.3000 80.0000 79.5000 79.5000 79.3000 79.0000 79.2000 79.3000 79.0000 78.9000 78.7000 78.8000 78.4000 78.6000 78.7000 79.2000 78.0000 82.6000 77.7000 77.7000 78.0000 77.3000 76.9000 76.6000 76.7000 75.9000 76.3000 76.9000 75.9000 75.9000 75.7000 74.1000 75.1000 75.5000 -9999.0000 -9999.0000 -9999.0000 -9999.0000 -9999.0000 -9999.0000 -9999.0000 -9999.0000 -9999.0000 -9999.0000 -9999.0000 -9999.0000 -9999.0000 -9999.0000 -9999.0000 -9999.0000 -9999.0000
-9999.0000 -9999.0000 -9999.0000 -9999.0000 -9999.0000 -9999.0000 80.2000 80.1000 79.6000 79.9000 80.1000 79.7000 79.4000 79.4000 79.1000 79.1000 78.8000 78.6000 78.5000 78.4000 78.5000 78.4000 78.3000 78.1000 77.8000 78.4000 77.9000 77.9000 78.1000 77.5000 77.2000 77.0000 76.3000 76.4000 76.3000 76.2000 76.2000 76.3000 75.3000 75.0000 75.3000 75.8000 75.0000 76.3000 78.4000 75.8000 74.9000 -9999.0000 -9999.0000 -9999.0000 -9999.0000 -9999.0000 -9999.0000 -9999.0000 -9999.0000 -9999.0000 -9999.0000 -9999.0000
-9999.0000 -9999.0000 -9999.0000 -9999.0000 -9999.0000 80.1000 80.9000 80.0000 80.0000 80.4000 79.5000 79.4000 79.8000 79.5000 79.3000 79.0000 78.9000 78.6000 78.8000 78.3000 77.8000 78.1000 78.2000 78.1000 78.9000 77.1000 77.4000 79.2000 77.1000 78.3000 78.1000 77.4000 77.2000 76.7000 76.1000 76.6000 75.7000 75.6000 75.5000 75.4000 75.4000 75.1000 75.6000 75.6000 75.5000 75.8000 75.1000 75.1000 73.6000 74.3000 74.4000 74.2000 -9999.0000 -9999.0000 -9999.0000 -9999.0000 -9999.0000 -9999.0000
-9999.0000 -9999.0000 -9999.0000 -9999.0000 -9999.0000 80.6000 80.4000 80.2000 80.1000 80.1000 79.6000 79.4000 79.0000 79.1000 79.9000 79.0000 79.0000 78.8000 78.6000 78.2000 78.0000 77.8000 77.7000 77.8000 77.8000 77.7000 77.2000 77.0000 77.7000 78.5000 78.8000 78.3000 78.2000 77.1000 76.1000 76.4000 76.0000 75.9000 75.6000 75.4000 75.6000 75.2000 75.1000 75.6000 75.4000 75.0000 74.9000 75.0000 74.9000 75.0000 74.3000 74.8000 74.6000 73.7000 -9999.0000 -9999.0000 -9999.0000 -9999.0000
-9999.0000 -9999.0000 -9999.0000 -9999.0000 -9999.0000 80.8000 80.5000 80.5000 80.2000 79.9000 79.5000 79.3000 79.1000 79.0000 79.6000 79.0000 78.7000 78.5000 78.4000 78.2000 78.1000 77.9000 77.9000 77.8000 77.7000 77.3000 77.3000 77.2000 77.0000 77.8000 77.1000 77.8000 77.5000 77.7000 76.8000 76.5000 76.8000 76.0000 75.8000 75.5000 75.5000 75.6000 75.5000 75.7000 75.5000 75.1000 75.0000 74.9000 74.9000 74.6000 74.5000 74.6000 74.2000 74.3000 73.2000 74.8000 73.4000 74.7000
-9999.0000 -9999.0000 -9999.0000 -9999.0000 80.9000 81.1000 80.8000 80.2000 81.3000 79.7000 79.5000 79.4000 79.2000 79.1000 79.1000 79.2000 79.0000 78.4000 78.7000 78.5000 78.2000 78.3000 78.0000 78.3000 77.9000 77.7000 77.5000 77.1000 77.1000 77.1000 77.1000 77.2000 76.9000 76.6000 77.3000 76.5000 76.4000 76.6000 76.0000 75.9000 75.8000 76.7000 75.5000 75.6000 75.4000 75.2000 75.1000 75.1000 83.9000 82.3000 74.6000 74.7000 74.6000 74.3000 74.2000 73.9000 74.0000 74.0000
-9999.0000 -9999.0000 -9999.0000 -9999.0000 82.1000 80.9000 80.6000 80.5000 80.3000 80.1000 79.7000 79.5000 79.4000 79.1000 79.3000 78.9000 78.7000 78.8000 78.6000 78.5000 78.4000 77.9000 77.7000 78.0000 77.7000 77.5000 77.4000 77.3000 77.4000 77.2000 76.9000 76.8000 76.9000 76.5000 76.7000 77.1000 76.7000 77.5000 76.9000 76.3000 76.2000 76.0000 76.3000 75.8000 75.6000 75.3000 75.1000 75.8000 -9999.0000 -9999.0000 -9999.0000 85.0000 82.9000 73.9000 74.0000 73.9000 73.9000 73.7000
-9999.0000 -9999.0000 -9999.0000 -9999.0000 81.3000 80.2000 80.9000 80.5000 80.2000 80.2000 80.1000 79.7000 79.6000 79.4000 79.0000 79.0000 78.8000 78.5000 78.6000 78.5000 78.0000 78.2000 78.1000 78.0000 77.8000 77.7000 77.7000 77.2000 77.3000 77.2000 76.9000 76.6000 76.6000 76.3000 76.7000 76.7000 76.7000 76.7000 75.9000 77.1000 77.0000 76.1000 78.3000 76.5000 77.7000 76.2000 -9999.0000 -9999.0000 -9999.0000 -9999.0000 -9999.0000 -9999.0000 -9999.0000 75.1000 73.9000 73.7000 73.8000 73.2000
-9999.0000 -9999.0000 -9999.0000 -9999.0000 80.8000 81.1000 81.3000 80.7000 80.6000 80.2000 80.0000 79.7000 79.6000 79.3000 79.2000 79.2000 78.8000 78.8000 78.4000 78.4000 79.0000 78.6000 78.7000 77.9000 77.8000 77.5000 77.5000 77.2000 77.1000 77.3000 77.0000 76.9000 76.7000 76.6000 76.7000 76.1000 76.6000 76.4000 78.8000 77.5000 76.6000 76.8000 79.2000 81.1000 -9999.0000 -9999.0000 -9999.0000 -9999.0000 -9999.0000 -9999.0000 -9999.0000 -9999.0000 -9999.0000 80.5000 77.9000 73.7000 73.7000 73.4000
-9999.0000 -9999.0000 82.0000 80.3000 81.5000 81.4000 81.0000 81.0000 80.9000 80.5000 80.3000 80.1000 79.6000 80.1000 79.2000 79.4000 79.6000 78.8000 79.3000 78.9000 78.8000 78.1000 78.6000 77.9000 77.8000 77.6000 77.6000 77.8000 77.1000 77.0000 77.0000 76.7000 77.1000 76.4000 76.7000 76.6000 83.6000 84.7000 86.4000 89.4000 87.1000 -9999.0000 -9999.0000 -9999.0000 -9999.0000 -9999.0000 -9999.0000 -9999.0000 -9999.0000 -9999.0000 -9999.0000 -9999.0000 -9999.0000 -9999.0000 -9999.0000 81.3000 73.2000 73.2000
-9999.0000 81.9000 79.7000 81.8000 81.8000 81.4000 80.9000 80.7000 80.4000 80.4000 80.2000 80.6000 80.0000 79.9000 79.8000 79.6000 79.4000 78.9000 79.0000 79.0000 78.3000 78.4000 78.6000 78.2000 77.6000 77.8000 77.5000 77.2000 77.1000 77.1000 77.0000 77.2000 76.7000 76.8000 76.9000 76.9000 77.8000 79.3000 -9999.0000 -9999.0000 -9999.0000 -9999.0000 -9999.0000 -9999.0000 -9999.0000 -9999.0000 -9999.0000 -9999.0000 -9999.0000 -9999.0000 -9999.0000 -9999.0000 -9999.0000 -9999.0000 -9999.0000 -9999.0000 84.0000 83.2000
82.3000 81.8000 81.8000 81.9000 81.5000 81.3000 81.0000 81.5000 81.1000 80.5000 80.4000 80.4000 80.0000 80.2000 79.5000 79.3000 79.5000 78.9000 78.8000 78.5000 78.4000 78.5000 78.0000 78.2000 78.0000 77.8000 77.4000 77.5000 77.1000 77.3000 77.5000 77.1000 80.4000 82.5000 83.2000 83.3000 81.3000 79.7000 81.9000 90.9000 -9999.0000 -9999.0000 -9999.0000 -9999.0000 -9999.0000 -9999.0000 -9999.0000 -9999.0000 -9999.0000 -9999.0000 -9999.0000 -9999.0000 -9999.0000 -9999.0000 -9999.0000 -9999.0000 -9999.0000 -9999.0000
81.2000 80.3000 82.1000 82.0000 81.7000 82.0000 81.0000 81.0000 80.8000 80.8000 80.4000 80.4000 79.9000 79.9000 79.6000 79.8000 79.7000 79.3000 78.9000 78.7000 79.0000 78.2000 78.6000 77.8000 78.0000 77.9000 77.5000 78.0000 77.4000 77.2000 80.6000 80.8000 81.6000 82.5000 83.9000 86.0000 85.8000 84.7000 81.3000 81.5000 -9999.0000 -9999.0000 -9999.0000 -9999.0000 -9999.0000 -9999.0000 -9999.0000 -9999.0000 -9999.0000 -9999.0000 -9999.0000 -9999.0000 -9999.0000 -9999.0000 -9999.0000 -9999.0000 -9999.0000 -9999.0000
82.3000 81.9000 82.3000 82.1000 92.4000 92.3000 92.5000 90.3000 81.1000 80.7000 80.4000 80.3000 81.4000 80.5000 79.9000 79.6000 79.6000 79.1000 78.9000 78.7000 78.5000 78.1000 78.0000 77.9000 78.0000 78.2000 77.6000 85.4000 84.9000 84.2000 83.2000 83.0000 82.3000 85.0000 -9999.0000 -9999.0000 -9999.0000 86.9000 84.3000 80.9000 88.4000 -9999.0000 -9999.0000 -9999.0000 -9999.0000 -9999.0000 -9999.0000 -9999.0000 -9999.0000 -9999.0000 -9999.0000 -9999.0000 -9999.0000 -9999.0000 -9999.0000 -9999.0000 -9999.0000 -9999.0000
83.5000 82.6000 85.7000 -9999.0000 -9999.0000 -9999.0000 -9999.0000 -9999.0000 90.6000 90.0000 89.5000 80.7000 80.7000 80.6000 80.2000 79.8000 79.4000 78.9000 78.6000 78.5000 78.7000 78.5000 84.6000 85.0000 86.3000 89.0000 93.1000 -9999.0000 -9999.0000 -9999.0000 -9999.0000 -9999.0000 -9999.0000 -9999.0000 -9999.0000 -9999.0000 -9999.0000 -9999.0000 87.4000 84.7000 -9999.0000 -9999.0000 -9999.0000 -9999.0000 -9999.0000 -9999.0000 -9999.0000 -9999.0000 -9999.0000 -9999.0000 -9999.0000 -9999.0000 -9999.0000 -9999.0000 -9999.0000 -9999.0000 -9999.0000 -9999.0000
89.3000 -9999.0000 -9999.0000 -9999.0000 -9999.0000 -9999.0000 -9999.0000 -9999.0000 -9999.0000 -9999.0000 -9999.0000 -9999.0000 85.7000 81.1000 80.5000 79.6000 79.5000 79.0000 79.0000 78.7000 85.3000 91.6000 92.5000 89.2000 93.3000 -9999.0000 -9999.0000 -9999.0000 -9999.0000 -9999.0000 -9999.0000 -9999.0000 -9999.0000 -9999.0000 -9999.0000 -9999.0000 -9999.0000 -9999.0000 -9999.0000 -9999.0000 -9999.0000 -9999.0000 -9999.0000 -9999.0000 -9999.0000 -9999.0000 -9999.0000 -9999.0000 -9999.0000 -9999.0000 -9999.0000 -9999.0000 -9999.0000 -9999.0000 -9999.0000 -9999.0000 -9999.0000 -9999.0000
-9999.0000 -9999.0000 -9999.0000 -9999.0000 -9999.0000 -9999.0000 -9999.0000 -9999.0000 -9999.0000 -9999.0000 -9999.0000 -9999.0000 -9999.0000 -9999.0000 89.0000 79.5000 79.4000 79.1000 87.7000 88.7000 94.2000 95.0000 -9999.0000 -9999.0000 -9999.0000 -9999.0000 -9999.0000 -9999.0000 -9999.0000 -9999.0000 -9999.0000 -9999.0000 -9999.0000 -9999.0000 -9999.0000 -9999.0000 -9999.0000 -9999.0000 -9999.0000 -9999.0000 -9999.0000 -9999.0000 -9999.0000 -9999.0000 -9999.0000 -9999.0000 -9999.0000 -9999.0000 -9999.0000 -9999.0000 -9999.0000 -9999.0000 -9999.0000 -9999.0000 -9999.0000 -9999.0000 -9999.0000 -9999.0000
-9999.0000 -9999.0000 -9999.0000 -9999.0000 -9999.0000 -9999.0000 -9999.0000 -9999.0000 -9999.0000 -9999.0000 -9999.0000 -9999.0000 -9999.0000 -9999.0000 -9999.0000 -9999.0000 87.5000 94.2000 89.8000 90.6000 -9999.0000 -9999.0000 -9999.0000 -9999.0000 -9999.0000 -9999.0000 -9999.0000 -9999.0000 -9999.0000 -9999.0000 -9999.0000 -9999.0000 -9999.0000 -9999.0000 -9999.0000 -9999.0000 -9999.0000 -9999.0000 -9999.0000 -9999.0000 -9999.0000 -9999.0000 -9999.0000 -9999.0000 -9999.0000 -9999.0000 -9999.0000 -9999.0000 -9999.0000 -9999.0000 -9999.0000 -9999.0000 -9999.0000 -9999.0000 -9999.0000 -9999.0000 -9999.0000 -9999.0000
