example_data/selke/layers/pt_base.asc
ncols 206
nrows 204
xllcorner 4432837.5
yllcorner 5724937.5
cellsize 200.0
NODATA_value -9999.0
[rows 116 to 144 of 204, columns 0 to 65 of 206]
68.4000 67.1000 66.0000 60.6000 58.7000 55.1000 53.8000 54.3000 59.4000 62.1000 48.3000 35.3000 34.6000 34.7000 34.6000 34.4000 34.1000 34.8000 34.4000 34.0000 36.4000 36.4000 34.1000 31.2000 29.0000 28.2000 30.2000 31.5000 30.7000 28.4000 27.8000 29.8000 31.8000 32.3000 38.4000 35.2000 27.6000 28.6000 28.6000 27.4000 30.3000 30.0000 28.7000 29.4000 33.1000 34.4000 37.1000 39.3000 40.6000 39.0000 31.4000 31.7000 7.5476 6.3670 2.1966 -2.8942 -2.4541 0.4377 3.6089 9.1000 20.9277 21.3242 21.7038 24.6952 25.4049 25.4732
61.2000 63.9000 63.3000 59.7000 55.5000 53.5000 52.0000 51.0000 49.2000 50.6000 70.3000 56.1000 35.7000 34.5000 34.2000 34.2000 34.3000 35.2000 35.6000 34.9000 33.4000 32.5000 34.5000 31.0000 28.2000 30.6000 27.6000 26.5000 25.4000 25.5000 24.4000 24.0000 23.2000 22.8000 21.9000 23.0000 42.1000 36.5000 35.3000 34.2000 33.6000 33.7000 33.5000 34.2000 32.5000 16.6000 25.0000 48.6000 66.7000 42.4000 34.9000 10.4248 12.1967 4.0791 -2.7493 -4.2675 -3.1047 -0.1825 3.7522 5.9557 19.1792 19.6583 19.7597 23.7318 26.4930 29.2000
59.8000 57.3000 58.8000 61.5000 67.4000 62.6000 56.3000 54.4000 52.0000 50.2000 46.7000 46.4000 38.7000 36.1000 34.4000 33.9000 35.9000 36.2000 35.1000 34.6000 33.9000 32.3000 31.6000 31.5000 30.4000 28.5000 28.0000 26.6000 26.2000 40.1000 30.9000 27.6000 23.9000 23.2000 21.5000 20.5000 31.2000 36.1000 29.5000 38.4000 36.9000 36.4000 36.3000 36.9000 37.2000 33.2000 16.7000 41.7000 32.6000 35.5000 11.6638 12.4000 6.6111 1.1409 -3.0877 -4.6485 -3.6721 -0.7202 5.0250 4.8572 18.2955 18.4646 20.0399 24.7396 25.4647 28.5000
58.5000 56.9000 56.1000 53.6000 51.5000 66.3000 83.4000 59.5000 57.4000 58.8000 51.1000 45.2000 43.9000 39.7000 47.0000 39.1000 36.3000 34.0000 34.4000 34.4000 32.8000 34.2000 32.6000 30.3000 29.4000 28.7000 27.0000 27.1000 29.2000 38.0000 46.2000 44.8000 42.6000 35.5000 28.6000 24.8000 22.0000 21.0000 19.6000 18.7000 18.0000 20.4000 20.5000 18.8000 18.0000 18.9000 20.1000 28.8000 26.6000 32.5000 13.9355 8.5895 2.5350 0.3390 -2.0692 -2.6488 -1.3688 2.7849 5.5554 5.9735 20.3089 17.1131 19.7863 25.7813 26.5780 27.4000
58.6000 56.6000 56.3000 58.3000 55.9000 54.1000 49.7000 50.7000 48.1000 47.0000 45.7000 44.5000 42.9000 40.3000 40.3000 38.0000 38.5000 37.8000 35.8000 34.8000 33.9000 32.4000 31.2000 30.1000 29.1000 27.8000 32.4000 29.9000 33.0000 44.0000 44.7000 41.4000 53.5000 47.2000 39.8000 35.1000 27.9000 24.9000 22.1000 20.9000 20.0000 18.2000 17.1000 17.7000 16.8000 16.5000 15.5000 18.1000 17.5000 11.7707 11.3557 6.2916 0.6854 -0.2708 -0.7604 -0.4044 2.1815 0.8502 6.8790 7.5082 23.0912 25.9019 25.3077 28.9306 29.1750 28.4102
49.3000 55.8000 54.3000 53.2000 52.3000 51.8000 50.6000 48.3000 44.5000 42.9000 43.0000 42.7000 40.7000 40.5000 39.4000 37.6000 41.7000 41.1000 45.5000 36.4000 32.9000 32.1000 31.1000 30.3000 29.2000 28.9000 33.1000 40.4000 44.5000 50.0000 50.8000 54.9000 50.1000 46.2000 42.5000 39.2000 33.7000 34.2000 30.1000 25.6000 22.5000 21.5000 21.1000 21.8000 27.7000 25.6000 19.7000 16.9000 16.6000 12.3772 9.4144 4.9039 0.2702 0.1911 0.4833 2.5457 0.8760 2.1566 9.6292 18.7000 27.6962 28.1329 27.0604 28.0660 29.4775 32.2000
47.1000 46.9000 47.7000 50.2000 51.2000 50.1000 49.1000 46.9000 43.9000 47.5000 51.9000 48.9000 45.4000 46.6000 52.6000 43.0000 43.0000 45.4000 42.9000 54.9000 55.4000 36.0000 29.2000 29.5000 29.4000 29.2000 28.8000 31.2000 36.6000 44.2000 47.2000 50.4000 51.2000 49.0000 50.8000 62.7000 47.3000 47.6000 43.9000 37.4000 39.6000 32.8000 32.8000 34.9000 35.8000 32.1000 28.4000 22.3000 10.9601 10.9263 8.8480 2.2061 1.5998 1.7383 4.3251 1.5353 1.5549 3.8306 6.0829 19.0000 25.1157 26.3596 28.5715 29.3602 28.9679 32.4000
46.8000 46.6000 46.7000 47.9000 49.1000 47.2000 45.7000 45.1000 48.5000 51.8000 55.5000 65.6000 60.4000 52.8000 85.0000 46.5000 46.4000 51.4000 45.8000 47.1000 53.6000 66.7000 71.3000 34.0000 29.9000 29.1000 29.7000 29.9000 31.9000 33.7000 35.0000 37.5000 46.6000 55.2000 55.7000 63.2000 56.5000 67.1000 78.0000 69.7000 54.9000 49.3000 44.4000 41.6000 37.7000 33.6000 34.2000 11.2562 10.9326 9.6043 9.0824 4.1252 3.5868 4.4676 3.2859 3.7301 3.6607 16.2287 25.5769 21.5246 25.1278 28.0298 28.8254 29.1059 30.2000 33.0000
46.4000 46.9000 46.8000 47.3000 46.7000 49.1000 49.9000 51.8000 55.0000 60.4000 62.6000 66.5000 61.8000 59.7000 74.6000 75.6000 50.5000 63.0000 73.8000 58.2000 52.4000 56.8000 62.8000 60.6000 58.3000 42.2000 37.7000 37.1000 34.8000 34.4000 35.9000 34.1000 38.5000 43.8000 46.6000 46.8000 50.9000 47.9000 49.5000 55.8000 53.6000 51.7000 41.9000 42.5000 38.9000 11.0074 10.9403 11.6066 11.5453 10.8267 6.1760 7.0667 6.6875 6.8656 6.0944 4.6301 5.1513 5.6704 27.7479 28.4226 28.4639 29.0303 29.6666 31.8000 33.6000 35.9000
47.8000 47.6000 47.7000 48.5000 51.9000 56.8000 61.1000 64.7000 69.2000 64.2000 77.9000 76.9000 67.8000 84.0000 73.2000 76.2000 58.3000 56.2000 66.3000 64.1000 67.1000 57.8000 55.8000 51.9000 50.6000 55.2000 61.1000 44.8000 37.4000 34.7000 36.3000 36.9000 35.6000 39.2000 41.1000 42.9000 46.7000 32.7000 31.6000 33.8000 36.1000 44.6000 31.2000 36.2000 10.7456 11.3196 10.7624 11.9223 13.0794 8.7494 9.1743 9.7766 10.9796 10.0081 7.4321 29.8373 21.8230 8.1992 13.7685 28.2100 29.6287 29.1973 31.1000 31.7000 33.0000 34.8000
48.4000 48.5000 48.7000 52.2000 54.4000 59.5000 64.2000 74.0000 83.1000 91.1000 83.5000 98.1000 83.4000 88.5000 104.1000 102.7000 96.0000 71.7000 68.0000 78.6000 72.6000 75.6000 67.4000 54.1000 50.7000 48.0000 48.4000 56.9000 57.2000 40.9000 35.8000 35.7000 34.2000 35.0000 35.1000 34.4000 40.0000 32.3000 29.3000 27.8000 25.0000 23.1000 9.3831 9.8586 10.5382 11.2659 11.3853 12.7390 13.2682 10.8537 11.3574 13.2897 14.8917 11.6265 30.3732 29.9879 28.9473 24.4350 15.0573 17.0489 22.3342 24.8000 26.5000 29.0000 31.1000 32.8000
49.1000 49.1000 52.4000 54.2000 56.9000 62.1000 70.1000 76.0000 81.8000 87.4000 93.7000 99.7000 101.7000 103.3000 98.4000 99.8000 102.9000 107.0000 104.6000 92.7000 80.4000 75.3000 58.4000 61.4000 58.3000 46.1000 43.0000 42.7000 43.4000 49.7000 48.3000 50.3000 53.6000 46.1000 37.5000 33.6000 32.9000 31.2000 28.3000 26.4000 22.7000 20.1000 8.9498 9.3411 9.1412 10.7195 11.0594 13.5711 14.2260 13.7331 14.4682 16.6000 14.7917 27.6455 30.3820 30.1804 29.9803 29.8024 28.1691 16.8324 20.3910 22.6000 26.9000 28.8000 30.3000 31.0000
50.6000 55.3000 58.8000 62.3000 64.5000 67.7000 68.7000 72.9000 78.8000 81.9000 86.2000 90.3000 93.2000 91.4000 91.6000 91.8000 99.4000 101.9000 96.4000 93.0000 93.2000 81.1000 69.4000 80.6000 75.5000 62.0000 57.7000 41.8000 39.3000 38.7000 39.4000 40.3000 36.1000 38.7000 69.5000 56.2000 48.4000 45.3000 39.0000 30.7000 22.1000 9.3986 8.7743 8.6314 9.2315 9.9580 11.0175 12.6191 16.9679 17.2354 16.3529 17.1727 25.3767 28.8965 31.6608 31.2300 29.5351 29.5833 28.8780 26.1887 27.6739 22.4834 23.6000 23.1000 23.4000 23.7000
61.7000 85.6000 80.8000 74.7000 86.3000 83.8000 78.3000 77.5000 75.7000 76.8000 79.5000 84.6000 87.3000 82.8000 81.7000 93.9000 103.8000 95.6000 86.7000 86.6000 78.3000 89.1000 88.5000 83.1000 73.2000 73.2000 68.9000 61.4000 53.4000 44.6000 41.0000 39.6000 37.6000 44.7000 33.5000 45.2000 61.8000 37.9000 31.7000 30.7000 10.7589 10.0597 9.1116 8.3858 8.8388 10.2893 9.9600 11.7482 14.1427 18.1609 18.7909 19.2004 28.7157 30.7697 31.6349 30.6537 29.0286 29.7026 30.4007 28.4307 27.0524 25.2109 23.9000 23.5000 23.4000 24.2000
71.2000 77.3000 84.3000 75.0000 65.5000 83.2000 76.4000 73.3000 73.1000 72.4000 73.0000 77.2000 76.9000 74.2000 81.2000 86.2000 88.7000 85.2000 77.5000 78.2000 73.5000 78.9000 80.9000 89.2000 85.0000 75.9000 68.0000 62.6000 56.0000 54.8000 47.0000 45.0000 44.2000 36.3000 30.9000 29.2000 30.7000 52.3000 27.8000 11.9834 11.7435 10.2998 9.6702 9.2703 9.8518 10.8956 11.3483 10.6855 29.1000 19.4602 19.2376 19.8336 31.2469 31.2219 31.2515 30.5217 29.3462 29.4887 27.9534 27.8647 26.0021 26.4230 25.7999 24.7000 25.5000 25.6000
67.9000 77.3000 76.5000 68.6000 65.5000 64.7000 71.2000 70.8000 69.2000 69.0000 71.4000 73.9000 72.3000 68.0000 73.2000 71.1000 75.9000 74.6000 68.0000 67.4000 61.2000 71.7000 67.1000 78.2000 78.7000 84.9000 92.4000 90.1000 82.6000 65.4000 52.8000 55.6000 38.0000 34.8000 39.8000 30.8000 26.0000 24.5000 14.4165 13.3832 13.4478 11.1856 10.6408 10.8072 11.3016 13.5438 11.2626 33.8965 28.6687 18.3399 19.1592 32.7628 32.6026 32.3926 31.9282 31.0400 29.3106 29.5479 27.4511 27.4535 29.1221 27.2097 27.2881 26.0936 23.7288 25.4000
61.4000 65.9000 68.7000 68.8000 69.9000 70.2000 69.8000 68.2000 68.0000 67.1000 65.6000 66.8000 68.4000 65.9000 60.7000 62.2000 67.8000 63.5000 61.5000 59.0000 69.0000 67.2000 59.2000 73.1000 71.1000 72.1000 78.3000 80.8000 81.0000 83.4000 77.5000 54.7000 46.4000 53.6000 32.7000 28.5000 26.1000 14.7094 14.5223 14.0179 13.1845 12.7673 12.4186 12.8626 14.5354 12.1269 34.6623 35.5787 19.1253 19.0362 19.6311 27.2000 32.5385 32.0587 32.5648 31.8439 30.7053 31.7181 30.5253 27.0352 29.2934 29.6397 28.4547 27.5035 26.5129 26.2367
59.4000 62.8000 68.6000 76.4000 78.4000 76.8000 73.9000 72.7000 72.5000 69.6000 67.6000 64.6000 62.9000 63.8000 62.4000 55.2000 60.0000 59.1000 60.1000 51.9000 58.0000 59.6000 51.9000 55.9000 59.7000 60.7000 66.0000 71.2000 75.6000 78.1000 85.1000 93.9000 83.1000 43.6000 32.6000 26.5000 14.6751 14.7181 14.5516 14.6296 14.2845 14.6390 15.7739 16.8271 15.4839 31.0305 32.5488 33.2091 20.0198 19.9999 21.0710 20.2207 32.5032 33.7331 33.5707 31.6937 31.7562 30.9829 30.3633 34.2035 33.0427 31.7858 30.6700 30.9529 30.1218 30.6125
68.1000 69.1000 70.4000 74.9000 77.3000 79.0000 76.8000 75.8000 74.3000 71.7000 69.8000 67.2000 64.1000 60.9000 56.1000 53.6000 49.1000 47.3000 45.6000 49.0000 51.0000 48.6000 47.4000 49.4000 49.1000 51.8000 57.5000 64.4000 58.3000 64.0000 70.1000 79.2000 72.5000 74.3000 57.9000 15.8489 14.6934 14.5795 14.6595 15.2545 15.2986 17.1774 20.7814 20.7104 28.5102 30.2020 31.5712 33.5724 21.0345 20.0233 20.0436 28.2946 28.8190 33.2690 33.6871 38.7621 39.5987 39.2136 38.5323 38.1109 37.7239 35.1740 34.1452 34.4108 34.0385 34.3084
72.0000 88.2000 85.4000 84.0000 82.1000 79.7000 77.7000 76.0000 72.2000 70.3000 66.1000 66.7000 66.4000 62.3000 59.5000 57.4000 53.1000 45.7000 43.8000 42.0000 40.9000 39.9000 41.4000 39.3000 42.4000 47.0000 50.6000 54.8000 48.5000 44.8000 54.1000 46.8000 30.5000 18.4400 17.2748 16.3842 15.0434 14.7184 15.0423 15.1332 16.5912 19.1470 18.7040 28.2324 29.1188 30.6654 33.0757 30.9794 22.1867 19.0571 22.1867 41.6621 45.0130 45.7538 44.1065 43.9101 43.9004 43.5635 43.8394 43.5895 41.2488 42.0516 39.2748 39.3267 37.7656 37.6183
90.0000 89.9000 87.1000 84.3000 82.1000 74.8000 67.2000 64.4000 62.1000 60.4000 61.6000 63.5000 63.1000 61.0000 55.6000 50.5000 46.4000 43.8000 54.7000 44.9000 42.9000 39.5000 37.4000 36.5000 38.0000 44.7000 48.7000 49.0000 46.1000 43.0000 29.3000 26.9000 20.0752 18.6514 17.7585 16.9991 15.4992 15.8807 16.5026 17.2726 18.9839 17.2407 30.0519 32.0306 29.8136 32.5145 32.4966 30.3123 24.1059 24.4566 23.6939 52.7000 54.5000 53.8601 51.8654 50.3788 49.1033 52.0177 52.3000 49.5810 48.5362 47.3506 45.9687 44.5259 43.1897 42.1665
90.2000 88.9000 86.9000 81.1000 74.7000 71.7000 68.2000 61.8000 58.2000 56.7000 57.8000 64.4000 59.5000 53.1000 48.9000 47.6000 45.2000 52.5000 56.3000 55.6000 53.7000 50.1000 42.8000 37.7000 35.5000 32.8000 33.1000 33.6000 28.9000 28.2000 19.8176 19.6446 18.4497 17.6986 17.5660 17.3934 17.1651 18.3678 19.1305 19.3946 17.8837 36.7042 35.6170 33.8706 34.3138 33.6579 33.6803 30.4076 26.3421 26.5448 27.2343 51.0078 51.7209 53.3170 62.0000 62.3000 59.8000 65.0000 63.0250 65.7000 61.0000 59.9000 55.0000 51.1038 48.6773 47.1172
89.5000 84.2000 78.5000 75.7000 71.1000 68.4000 66.2000 65.0000 58.7000 56.3000 54.9000 53.5000 51.6000 49.9000 48.6000 49.2000 51.0000 56.1000 56.1000 55.3000 53.7000 51.5000 50.7000 46.9000 42.5000 34.8000 31.8000 29.5000 19.7488 19.6364 20.0905 19.7260 19.8817 18.1040 17.5077 18.9877 21.6034 18.0667 18.2976 33.5509 34.1934 34.5667 37.3554 36.1446 34.2370 33.5383 28.6306 26.6405 26.0893 27.4427 29.4931 30.2561 42.9470 43.3096 51.3270 55.6316 61.7892 69.4000 80.9000 70.9449 65.4653 60.6602 57.4790 61.8795 58.3643 53.3498
77.0000 74.7000 72.5000 69.8000 67.7000 64.7000 62.1000 60.0000 57.6000 55.7000 55.5000 55.6000 57.1000 67.7000 73.0000 58.7000 61.9000 58.8000 56.1000 56.1000 55.2000 52.7000 49.7000 48.0000 48.6000 46.0000 30.5000 31.0000 19.3344 20.2755 21.0265 20.7563 19.9755 19.0133 18.8597 21.0185 20.7863 31.1193 29.4440 30.0707 30.5898 34.1583 36.4421 36.8160 35.1526 33.0956 29.2111 24.8753 28.9570 28.3021 28.4000 28.9000 29.4077 38.5206 43.1820 48.6860 49.4208 63.0357 71.6658 66.1000 82.7000 100.8000 99.9000 64.3364 72.0000 62.6953
81.8000 78.8000 77.1000 78.3000 76.7000 71.6000 63.0000 60.6000 58.9000 62.9000 62.4000 64.5000 71.9000 53.7000 57.7000 64.3000 62.0000 59.8000 60.8000 54.3000 51.4000 49.7000 49.4000 48.9000 50.9000 51.2000 31.5000 20.6353 20.3357 21.0815 21.5436 21.5196 20.7988 19.1696 17.9433 23.4974 23.3587 30.5071 29.4631 28.9752 30.3699 32.8520 34.3569 35.1009 35.2053 34.5550 30.6471 32.1109 32.8482 30.7428 29.2990 29.3839 29.4541 30.2715 34.1789 37.0395 43.2424 47.5611 57.9109 58.5000 68.2000 78.4000 100.2000 105.5000 98.0000 71.2906
85.2000 85.1000 81.8000 75.2000 68.9000 65.3000 62.3000 66.9000 76.8000 80.6000 78.5000 75.8000 71.9000 64.1000 62.1000 57.1000 54.6000 54.3000 57.4000 55.5000 52.8000 49.7000 46.1000 45.3000 50.8000 21.7753 20.7029 21.0652 21.7384 22.2377 22.6004 22.3120 20.3918 20.8081 22.4647 24.7259 25.7170 32.9587 31.5041 30.8022 31.7913 33.7029 38.4834 36.9986 37.2963 33.6153 40.0161 35.9270 35.9690 37.0246 37.4911 30.8302 31.3425 31.7106 36.4000 37.3467 35.9759 44.5239 41.1001 68.4000 81.5000 77.2000 75.7000 88.4000 98.6000 108.9000
88.3000 84.5000 81.0000 73.1000 69.2000 65.9000 67.2000 70.9000 86.1000 72.0000 67.1000 68.2000 76.2000 63.3000 63.5000 58.5000 51.6000 50.7000 48.8000 44.2000 47.7000 46.1000 34.0000 32.7000 23.9420 22.2722 22.3509 22.4734 23.5672 24.3156 24.2227 23.3308 21.9381 23.1416 24.5207 28.0933 28.0260 34.3405 34.8864 34.6808 34.9414 35.8435 37.8419 38.9414 38.5361 40.8017 42.3888 40.1192 37.7584 39.5680 37.2793 33.8888 33.1405 32.3503 28.0791 32.2013 33.5704 34.9430 37.3723 37.3643 57.6000 66.9000 70.9000 53.2000 65.1000 81.0000
97.7000 89.7000 80.9000 73.5000 69.9000 67.2000 67.5000 69.7000 76.2000 74.6000 68.0000 63.7000 62.0000 63.8000 66.2000 65.9000 63.1000 63.2000 53.9000 46.5000 42.3000 34.9000 33.4000 26.5178 25.6363 23.9174 23.8524 24.0884 25.1865 25.2349 25.1624 24.0396 22.9129 25.5103 25.9625 30.4627 30.3035 37.1902 38.7052 38.7740 37.0762 44.1468 43.4034 43.0209 42.4000 44.8507 45.9744 44.8960 42.7411 42.5248 39.0372 36.6445 34.9311 34.6142 34.3007 34.6025 35.1442 35.0202 35.7460 36.2472 37.0998 45.4000 57.1000 40.3418 40.2972 62.4000
87.8000 81.6000 79.7000 85.6000 81.3000 74.6000 75.2000 74.3000 73.1000 75.5000 81.8000 76.2000 67.3000 59.9000 57.1000 63.4000 78.9000 58.9000 51.1000 53.4000 47.2000 34.4000 34.6000 27.1287 26.7884 25.6112 24.9888 25.2194 25.7190 25.9033 24.8493 24.3504 40.6822 29.3844 29.1898 33.3546 33.7835 41.3353 42.0822 39.1417 40.4553 46.4383 45.8000 45.3612 47.0211 49.3263 48.3063 47.4893 45.9501 43.6786 40.0293 39.8000 36.5335 34.6153 34.5058 34.6825 45.2000 44.2000 43.4000 36.3643 40.6000 38.8309 38.5000 39.1905 40.1725 40.5286
