example_data/selke/layers/pt_base.asc
ncols 206
nrows 204
xllcorner 4432837.5
yllcorner 5724937.5
cellsize 200.0
NODATA_value -9999.0
[rows 58 to 86 of 204, columns 0 to 65 of 206]
32.7000 33.9000 33.8000 32.5000 31.6000 30.3000 29.8000 28.1000 24.9000 24.4000 24.9000 24.2000 23.6000 23.1000 22.4000 21.3000 20.4000 19.4000 17.4000 14.9000 8.1000 4.5000 4.9000 3.0000 -1.0000 -1.0000 -1.0000 1.4000 4.1000 7.7000 7.5000 8.7000 8.6000 7.0000 5.8000 5.8000 6.2000 5.2000 3.2000 0.1000 0.1000 -0.9000 -0.9000 -0.6000 -0.3000 -0.3000 0.0000 -1.2000 -6.3000 -8.5000 -7.3000 -8.2000 -8.3000 -8.5000 -8.2000 -12.3266 -9.1830 -13.1526 -11.0497 -9.0727 -5.6527 -2.0170 0.9134 3.5636 6.6584 10.1587
31.0000 30.8000 30.3000 29.9000 29.4000 27.9000 27.4000 26.3000 26.7000 26.7000 25.6000 25.5000 25.1000 23.2000 22.2000 22.1000 20.1000 15.8000 10.1000 6.9000 4.8000 3.0000 3.0000 3.0000 4.8000 4.4000 4.4000 2.4000 1.3000 1.2000 2.7000 6.1000 6.9000 7.8000 7.5000 7.3000 8.0000 6.4000 4.5000 0.9000 -3.1000 -5.4000 -6.5000 -6.6000 -6.2000 -5.9000 -4.7000 -6.3000 -7.8000 -6.6000 -6.8000 -8.1000 -8.1000 -8.2000 -7.9000 -15.8290 -11.9678 -9.4883 -9.4277 -8.6717 -6.8291 -3.5195 -0.3400 1.0986 4.8933 9.3740
31.9000 30.6000 29.2000 28.1000 27.5000 27.4000 27.7000 28.8000 28.9000 28.5000 27.7000 26.3000 24.8000 24.6000 23.2000 21.7000 15.4000 10.3000 6.4000 5.9000 4.2000 4.2000 5.3000 4.3000 9.6000 13.9000 10.5000 8.1000 5.6000 4.2000 0.7000 2.2000 6.7000 8.6000 8.5000 7.8000 7.6000 6.5000 2.8000 -1.6000 -4.5000 -6.8000 -7.2000 -7.5000 -7.9000 -8.7000 -7.8000 -8.1000 -7.2000 -6.2000 -6.8000 -8.0000 -8.7000 -8.0000 -12.0280 -14.1857 -13.9942 -8.5264 -5.8131 -6.9544 -6.4478 -3.0657 2.1974 4.0911 6.5666 13.5177
31.8000 29.8000 28.8000 28.0000 27.5000 27.3000 27.0000 28.3000 28.1000 27.1000 26.4000 25.9000 25.2000 24.3000 20.8000 17.9000 11.9000 8.3000 6.6000 6.4000 4.2000 6.5000 5.6000 18.3000 17.5000 14.6000 12.1000 12.5000 12.3000 11.5000 7.2000 4.6000 4.1000 7.4000 7.0000 6.6000 8.1000 7.5000 4.4000 -1.2000 -4.8000 -6.2000 -7.9000 -6.8000 -8.6000 -9.0000 -8.4000 -7.7000 -7.6000 -7.3000 -6.4000 -8.2000 -7.9000 -7.7000 -6.0692 -10.4792 0.2364 0.5190 -6.8969 -4.6403 -4.6700 -3.2056 2.5042 4.2779 9.3824 14.3275
31.4000 29.5000 28.6000 28.1000 27.4000 26.8000 24.7000 26.7000 26.3000 25.8000 25.3000 24.4000 23.1000 21.9000 19.1000 15.6000 9.0000 7.5000 7.5000 6.9000 6.7000 17.7000 19.0000 19.3000 17.9000 15.9000 14.8000 13.5000 13.4000 13.2000 13.0000 11.2000 7.0000 3.9000 3.9000 5.9000 7.3000 6.0000 4.0000 -1.1000 -4.5000 -7.8000 -7.8000 -6.9000 -7.1000 -7.8000 -6.7000 -7.0000 -8.1000 -8.0000 -8.1000 -8.1000 -7.8000 -11.7287 -11.1827 -0.3673 1.7246 1.9568 -3.5982 -1.0412 -1.2208 -2.2813 -0.0283 5.0878 8.0256 13.1029
31.9000 29.9000 28.3000 26.6000 26.9000 27.3000 23.8000 26.9000 25.9000 24.1000 24.4000 21.5000 19.2000 17.1000 9.5000 8.7000 8.8000 7.7000 7.4000 7.7000 13.1000 12.2000 12.3000 15.4000 15.2000 16.0000 16.3000 14.5000 13.1000 12.0000 11.8000 12.1000 11.5000 8.9000 3.6000 -0.4000 2.1000 2.8000 2.4000 -3.1000 -5.4000 -8.0000 -8.0000 -6.8000 -6.6000 -6.4000 -6.2000 -6.7000 -7.7000 -8.0000 -7.9000 -7.8000 -7.1000 -17.9341 -11.8618 -0.9484 2.1816 2.3432 -1.2429 -1.8142 -2.4168 -1.4413 0.1663 1.4304 7.4812 10.3617
28.5000 30.6000 30.5000 29.0000 25.9000 23.7000 20.7000 24.6000 23.0000 22.7000 23.7000 21.4000 20.7000 13.4000 11.3000 11.2000 8.3000 8.2000 7.4000 15.1000 14.6000 13.1000 15.2000 14.5000 14.0000 13.3000 11.9000 12.4000 13.5000 13.0000 11.3000 8.8000 8.2000 6.5000 3.7000 -1.6000 -2.8000 0.0000 -0.3000 -2.9000 -5.3000 -8.0000 -7.9000 -5.0000 -5.7000 -6.5000 -7.0000 -5.2000 -6.1000 -7.4000 -7.4000 -7.3000 -7.3000 -8.4885 -9.8419 -4.9447 0.5741 2.7888 -2.2856 0.0726 -0.1642 -1.2203 0.7373 3.7101 5.8981 7.7756
27.5000 26.3000 26.8000 26.5000 19.0000 18.8000 17.1000 16.9000 17.2000 14.8000 13.1000 12.0000 10.6000 11.2000 12.9000 9.6000 9.1000 9.1000 13.5000 16.6000 15.6000 15.5000 12.0000 11.4000 10.8000 13.7000 13.4000 11.4000 10.9000 10.8000 9.8000 7.5000 5.5000 3.8000 2.7000 0.2000 -5.5000 -6.1000 0.5000 -0.6000 -4.5000 -8.0000 -7.8000 -3.3000 -4.4000 -5.8000 -3.4000 -2.0000 -5.6000 -6.9000 -6.2000 -7.0000 -7.4000 -8.1000 -8.7000 -1.0882 0.9276 -2.8259 -2.0584 -1.6604 0.0765 0.4509 1.1651 5.0579 8.8421 9.6080
27.1000 21.0000 19.1000 18.3000 16.5000 16.3000 15.4000 14.5000 15.2000 14.0000 12.6000 13.1000 11.2000 11.2000 11.1000 10.8000 9.5000 10.9000 13.5000 15.4000 15.1000 12.7000 11.1000 10.8000 10.5000 11.3000 11.5000 11.7000 10.1000 9.8000 10.5000 9.0000 7.2000 7.2000 5.9000 4.2000 1.9000 -3.6000 -4.3000 -3.8000 -4.8000 -6.3000 -7.8000 -7.8000 -2.5000 -4.9000 -6.2000 -4.9000 -7.3000 -6.9000 -4.3000 -6.8000 -7.0000 -6.8000 -7.5000 1.1905 -0.3352 -2.9404 -4.1337 -2.0948 -0.7201 0.1921 2.8615 5.3550 9.5576 13.4379
21.4000 19.2000 17.4000 18.1000 17.2000 16.3000 15.6000 14.7000 14.0000 14.2000 13.5000 13.1000 12.8000 12.6000 12.1000 12.3000 11.3000 10.2000 10.5000 11.9000 10.8000 11.1000 10.4000 9.9000 10.3000 12.9000 12.3000 12.5000 11.9000 11.2000 11.3000 11.5000 11.6000 11.0000 9.7000 8.2000 5.2000 1.5000 -5.4000 -4.6000 -5.3000 -6.1000 -7.8000 -7.8000 -3.9000 0.2000 -2.4000 -7.1000 -7.8000 -6.2000 3.4000 0.1000 -6.7000 -6.5000 -6.6000 -8.6000 3.6776 -1.8453 -2.6292 0.5189 1.7927 0.6410 3.2755 6.4250 9.5964 13.5963
19.1000 18.4000 17.7000 17.8000 18.1000 15.9000 15.8000 15.4000 14.9000 14.9000 14.1000 15.5000 12.8000 14.1000 14.0000 13.4000 14.1000 11.6000 10.9000 10.8000 10.5000 10.7000 11.3000 10.2000 10.4000 13.2000 11.8000 9.5000 8.0000 6.9000 7.6000 8.5000 11.0000 10.9000 9.2000 7.6000 4.8000 1.6000 -2.0000 -1.4000 -5.6000 -5.4000 -7.7000 -7.8000 -4.1000 -2.9000 1.0000 -3.0000 -7.5000 1.2000 7.7000 4.7000 -6.7000 -6.9000 -6.5000 -7.5000 -4.8790 -2.7000 -0.1249 3.8787 2.1017 1.8952 3.4473 4.5697 7.9735 13.7911
19.8000 19.1000 18.2000 16.1000 16.9000 16.7000 15.6000 16.0000 16.9000 22.2000 18.2000 19.7000 21.1000 20.6000 18.8000 18.4000 16.5000 16.4000 15.2000 13.0000 10.6000 9.7000 13.5000 14.7000 14.8000 14.3000 10.2000 6.9000 4.1000 2.5000 1.9000 1.7000 2.5000 2.7000 2.5000 2.0000 0.6000 -0.8000 -0.9000 -4.3000 -1.8000 -6.4000 -5.5000 -7.8000 -7.8000 -2.6000 -1.8000 0.0000 -1.4000 4.7000 8.3000 7.2000 -0.5000 -5.9000 -6.5000 -12.0438 -5.1005 -0.1529 3.2421 3.8037 2.9294 1.7632 2.4829 5.4072 10.1142 12.3805
18.0000 18.0000 17.6000 18.1000 18.0000 20.5000 23.1000 24.5000 25.6000 25.1000 24.5000 23.8000 24.5000 22.9000 21.3000 20.4000 18.8000 17.1000 14.9000 13.5000 11.1000 11.3000 9.6000 9.3000 11.2000 4.9000 3.7000 3.4000 2.5000 1.7000 1.4000 0.5000 0.0000 0.2000 -0.1000 -0.5000 -0.7000 -1.2000 -1.8000 -3.2000 -5.4000 -5.9000 -5.5000 -5.8000 -7.8000 -7.8000 -4.3000 -3.9000 -3.0000 2.2000 8.9000 9.7000 4.7000 -3.9000 -8.2128 -10.7570 -3.2091 2.1800 3.0670 4.1715 3.7105 3.9791 5.5471 7.9824 12.4393 15.4655
19.4000 25.2000 30.4000 28.2000 34.0000 26.6000 27.1000 26.9000 27.5000 27.6000 26.4000 25.3000 24.7000 23.0000 21.3000 19.8000 17.6000 15.6000 13.3000 12.7000 12.1000 12.8000 14.0000 8.9000 7.3000 6.5000 8.8000 4.5000 5.7000 4.3000 4.8000 3.4000 2.9000 3.1000 1.1000 -0.4000 -0.8000 -0.7000 -0.3000 -2.5000 -3.9000 -1.6000 -2.0000 -3.9000 -7.8000 -7.8000 -4.5000 -4.0000 -3.8000 -3.9000 4.0000 5.8000 3.4000 -0.3000 -7.1000 -2.0000 -1.5014 2.9744 3.0374 3.7962 4.5796 6.0698 7.1432 10.2578 13.0476 15.4336
26.3000 27.5000 29.1000 34.1000 37.2000 41.4000 39.4000 32.6000 31.1000 30.0000 27.6000 26.2000 24.6000 22.5000 21.0000 18.0000 15.9000 14.6000 13.6000 13.4000 13.1000 12.5000 13.8000 14.2000 16.8000 15.5000 13.4000 12.7000 10.8000 9.7000 10.3000 13.7000 15.1000 8.2000 5.0000 2.8000 4.1000 4.5000 2.7000 2.0000 -0.1000 0.2000 2.8000 -0.2000 -3.3000 -4.5000 -4.3000 -3.7000 -3.1000 -4.1000 -1.4000 0.8000 -0.3000 -1.1000 -6.8000 -3.5410 -1.2762 1.5904 4.6246 3.7624 4.7656 6.9103 8.9162 11.5444 14.6427 15.3585
34.0000 34.4000 34.5000 36.0000 36.7000 39.0000 40.4000 38.8000 35.7000 31.3000 27.3000 25.6000 24.0000 22.3000 21.0000 17.9000 15.9000 14.4000 12.2000 12.5000 12.8000 12.4000 13.5000 14.1000 13.8000 14.1000 16.6000 16.6000 18.0000 14.3000 10.9000 10.4000 9.5000 8.0000 6.0000 5.5000 4.3000 3.9000 0.7000 -0.1000 -0.1000 -1.7000 1.5000 3.0000 -1.9000 -4.1000 -4.1000 -3.4000 -3.6000 -4.0000 -2.1000 -3.6000 -5.8000 -5.8000 -6.0000 -5.9000 -3.5539 1.7004 2.9426 6.3288 5.8622 6.6244 9.4152 10.5341 12.9863 15.5475
38.1000 39.1000 39.6000 38.7000 38.4000 37.3000 37.1000 36.9000 34.9000 30.6000 27.1000 23.9000 23.7000 22.0000 20.0000 19.1000 16.7000 14.3000 13.8000 10.8000 11.1000 12.4000 13.3000 13.5000 14.3000 13.3000 15.9000 12.9000 11.4000 8.4000 6.4000 5.2000 5.3000 5.0000 5.6000 3.3000 2.5000 2.5000 2.1000 0.1000 -0.3000 -0.5000 1.6000 3.2000 0.4000 -3.3000 -4.2000 -3.1000 -3.1000 -3.4000 -3.3000 -3.0000 -5.3000 -6.0000 -5.1000 -6.9000 -7.0000 0.0300 4.6806 3.7731 3.6401 7.0637 8.1546 8.6228 9.8805 12.5512
33.0000 34.8000 36.3000 36.5000 37.4000 37.2000 34.9000 33.1000 32.1000 29.5000 28.3000 23.7000 22.5000 20.8000 20.0000 19.4000 18.2000 17.3000 11.6000 11.2000 10.4000 10.6000 12.1000 13.6000 14.1000 15.3000 14.2000 16.4000 12.9000 10.0000 6.7000 5.5000 5.5000 7.6000 7.3000 5.8000 5.4000 1.6000 1.9000 4.7000 4.0000 -0.2000 0.3000 4.1000 4.5000 2.7000 -2.2000 -3.1000 -3.5000 -4.1000 -1.6000 -3.5000 -5.4000 -6.1000 -5.7000 -5.0000 -5.3000 -6.7000 -1.5449 2.0373 3.7827 4.1561 0.7698 -0.5416 7.5086 12.0538
31.0000 31.3000 29.7000 29.1000 28.4000 29.2000 30.3000 30.8000 29.2000 27.2000 25.5000 24.5000 22.6000 20.3000 18.8000 19.0000 17.8000 17.2000 12.5000 11.2000 11.4000 9.1000 11.7000 14.7000 15.1000 15.9000 15.8000 16.5000 16.3000 13.3000 8.7000 6.9000 5.0000 5.1000 4.5000 3.8000 2.4000 2.9000 5.9000 6.5000 3.6000 -0.3000 -0.8000 -0.7000 -2.3000 -1.6000 -1.7000 -2.0000 -3.0000 -2.7000 -2.4000 -1.4000 -3.0000 -3.7000 -4.1000 -5.0000 -4.9000 -5.0000 -4.5000 0.4000 6.1533 0.2093 -0.9286 -3.0189 0.3514 2.4816
27.0000 27.5000 26.5000 26.5000 26.1000 25.4000 23.8000 22.0000 25.3000 24.8000 25.7000 23.7000 22.9000 21.2000 19.9000 18.4000 17.1000 16.5000 16.4000 14.5000 11.5000 9.6000 9.8000 14.3000 17.7000 18.2000 18.0000 16.8000 15.0000 15.8000 15.4000 13.8000 6.4000 3.9000 3.0000 2.6000 2.2000 3.9000 4.8000 3.9000 1.9000 1.2000 -0.6000 -0.4000 -0.5000 -0.7000 1.1000 1.1000 5.1000 2.5000 -1.9000 -1.7000 -0.6000 -2.5000 -3.7000 -5.0000 -5.1000 -4.6000 -5.0000 -4.2000 -4.8000 -5.8340 -3.7101 -2.8346 0.7230 4.3990
25.5000 25.3000 25.5000 25.1000 25.6000 24.5000 22.1000 22.3000 22.0000 19.3000 22.0000 21.9000 23.6000 22.8000 21.9000 20.5000 19.4000 19.1000 17.9000 19.0000 15.2000 10.9000 9.4000 9.9000 12.1000 17.5000 18.6000 17.7000 15.2000 14.6000 13.5000 10.6000 14.5000 10.9000 3.6000 2.2000 1.8000 2.2000 1.8000 2.6000 -0.1000 -0.2000 0.0000 0.0000 -0.3000 0.4000 4.5000 4.2000 9.4000 10.1000 5.7000 1.6000 -1.2000 -1.2000 -3.3000 -3.1000 -3.3000 -4.5000 -4.7000 -7.0000 -3.9000 -6.1000 -3.7000 -5.4000 -5.4000 -1.8141
30.2000 30.5000 29.3000 27.8000 26.1000 24.2000 22.3000 23.3000 23.1000 24.7000 23.1000 22.0000 18.1000 21.5000 22.1000 22.4000 19.9000 19.9000 18.7000 17.4000 15.8000 12.9000 11.2000 9.0000 8.9000 11.1000 15.9000 16.0000 17.1000 17.0000 15.1000 12.4000 7.9000 7.7000 9.0000 3.6000 1.8000 1.3000 1.1000 1.2000 0.9000 1.5000 1.2000 0.2000 0.3000 0.7000 5.7000 8.1000 9.0000 11.3000 11.3000 7.2000 1.0000 4.1000 4.4000 3.5000 2.6000 -3.9000 -4.0000 -7.0000 -7.0000 -3.0000 -6.1000 -6.1000 -8.3160 -1.4766
30.8000 28.7000 26.6000 23.6000 23.4000 24.7000 26.7000 24.2000 25.0000 24.3000 23.7000 21.6000 22.7000 21.4000 19.4000 20.2000 20.1000 20.5000 18.0000 16.8000 16.3000 15.3000 13.8000 10.5000 9.3000 8.7000 9.0000 12.2000 10.5000 9.6000 12.9000 9.9000 6.6000 5.4000 4.6000 4.4000 2.0000 1.5000 1.5000 3.4000 2.2000 1.2000 0.8000 1.5000 0.8000 1.6000 2.8000 5.8000 8.6000 11.1000 13.0000 12.5000 7.5000 3.6000 2.2000 5.1000 8.2000 8.5000 3.7000 -3.1000 -4.0000 -5.1000 -6.1000 -6.1000 -7.6624 -10.3084
25.3000 24.6000 31.6000 51.9000 67.7000 59.4000 40.3000 33.5000 28.4000 27.0000 25.4000 24.7000 18.9000 18.3000 21.4000 22.1000 18.5000 17.0000 16.0000 14.5000 14.2000 14.5000 14.7000 14.7000 11.7000 9.7000 9.7000 8.6000 12.5000 10.8000 11.5000 12.9000 7.5000 4.6000 3.8000 3.7000 2.5000 2.0000 3.5000 2.6000 2.0000 1.9000 2.4000 1.9000 3.8000 3.2000 6.4000 9.7000 11.3000 10.8000 12.8000 13.3000 12.7000 9.9000 13.9000 2.7000 3.9000 9.1000 9.3000 7.8000 15.1000 -0.3000 -4.0000 -3.0000 -2.4000 -10.5487
38.1000 30.6000 35.4000 45.2000 76.7000 69.1000 72.7000 47.1000 42.8000 32.2000 26.4000 20.2000 18.7000 18.1000 19.3000 18.4000 20.6000 20.2000 17.1000 15.7000 12.3000 14.7000 15.2000 14.8000 14.3000 13.5000 11.0000 9.3000 8.4000 8.0000 7.6000 11.0000 9.4000 7.5000 5.9000 4.8000 3.0000 2.7000 2.4000 3.0000 2.1000 3.0000 3.2000 4.3000 7.7000 7.4000 6.7000 10.9000 13.0000 12.8000 12.2000 14.2000 14.3000 13.1000 10.4000 1.4000 5.8000 5.6000 9.2000 8.6000 12.9000 2.0000 -1.0000 -2.9000 -2.1000 -2.1000
37.5000 42.7000 36.0000 50.6000 56.3000 52.1000 68.6000 66.7000 68.2000 38.1000 32.7000 23.8000 21.3000 20.0000 16.0000 15.5000 14.8000 14.0000 13.7000 17.3000 15.4000 12.7000 10.7000 14.8000 16.1000 12.8000 11.6000 9.5000 8.1000 9.1000 7.8000 6.2000 5.5000 4.9000 4.3000 3.8000 3.1000 4.2000 4.7000 7.3000 7.7000 4.2000 4.7000 4.0000 5.0000 9.6000 11.4000 12.5000 12.8000 13.2000 12.0000 12.3000 13.8000 10.7000 9.6000 7.4000 5.6000 8.7000 10.3000 10.6000 9.4000 10.3000 7.1000 9.3000 7.8000 -1.9000
48.4000 50.8000 41.5000 50.8000 55.2000 56.8000 47.0000 40.5000 58.7000 42.5000 30.0000 28.0000 23.4000 17.9000 15.9000 15.9000 14.8000 15.1000 16.4000 16.5000 19.6000 18.9000 14.5000 10.3000 12.4000 10.9000 9.7000 8.4000 9.8000 10.3000 9.4000 8.6000 8.4000 7.3000 6.0000 6.8000 5.7000 5.3000 6.8000 6.8000 7.8000 7.7000 8.3000 8.8000 9.7000 9.8000 10.2000 10.6000 10.5000 10.0000 12.5000 9.8000 9.9000 10.3000 11.8000 12.3000 12.1000 10.5000 10.5000 11.2000 11.0000 10.3000 6.9000 11.4000 11.1000 9.4000
54.8000 50.2000 42.4000 53.5000 50.7000 58.7000 65.9000 61.6000 58.2000 52.1000 35.9000 34.2000 27.5000 20.7000 21.2000 20.5000 22.5000 25.7000 20.6000 19.5000 18.3000 17.9000 19.1000 18.6000 14.9000 13.3000 11.1000 11.8000 10.9000 10.8000 11.1000 10.3000 9.5000 9.0000 7.9000 7.3000 7.5000 7.8000 7.0000 8.2000 9.9000 9.4000 10.1000 9.4000 10.2000 10.3000 10.7000 11.4000 11.9000 11.9000 12.2000 11.7000 11.5000 14.4000 16.5000 17.8000 17.2000 15.8000 12.9000 11.8000 11.2000 10.7000 10.6000 10.9000 11.6000 12.2000
58.2000 50.4000 48.4000 56.3000 58.2000 63.6000 60.3000 57.9000 55.6000 54.9000 60.0000 64.9000 70.4000 74.5000 85.8000 36.4000 49.8000 50.7000 27.1000 21.4000 21.0000 22.7000 21.5000 20.3000 17.4000 16.1000 17.1000 21.3000 17.8000 20.0000 17.8000 18.2000 16.8000 11.3000 10.0000 8.9000 9.7000 9.4000 8.0000 8.2000 8.5000 9.7000 10.4000 10.3000 11.0000 12.6000 13.9000 14.5000 14.1000 13.9000 14.3000 14.0000 11.7000 16.5000 18.7000 19.2000 17.3000 15.8000 14.5000 14.3000 14.1000 13.6000 13.0000 11.2000 10.9000 12.4000
