example_data/selke/layers/pt_base.asc
ncols 206
nrows 204
xllcorner 4432837.5
yllcorner 5724937.5
cellsize 200.0
NODATA_value -9999.0
[rows 116 to 144 of 204, columns 132 to 197 of 206]
-54.5911 -40.7574 -27.5483 -11.9123 2.9335 11.3204 17.5934 21.5397 21.5146 25.0719 23.8070 19.3317 19.1849 16.6179 19.5945 20.7253 21.9497 22.5129 24.7192 24.8381 25.1762 27.7213 28.2341 31.2352 33.2890 34.1135 33.8061 34.6529 34.4464 34.4631 33.8385 34.8823 35.6731 36.5743 35.4367 36.3827 38.7549 36.0916 33.4359 29.2377 25.1970 18.9594 4.4881 -5.8645 -7.9177 -7.4417 -9.5174 -6.2000 -3.3548 -8.1381 -14.7924 -21.6240 -25.3959 -27.6894 -29.7303 -31.0003 -31.3659 -32.1119 -32.0259 -32.7285 -31.8804 -43.5933 -47.6325 -54.4019 -61.4160 -65.8311
-45.5474 -32.7053 -24.1616 -16.0089 -5.7084 4.6111 14.1655 18.3053 17.3733 20.2484 17.8075 19.5146 19.0000 20.1770 23.3000 21.4792 21.7293 23.0606 27.4605 30.2473 31.6035 31.1786 32.1944 32.7106 33.7016 34.8392 35.9785 37.1201 35.1706 34.2493 34.3947 37.6100 40.0661 39.9485 40.6324 40.4489 41.2785 41.1893 37.2031 32.6964 22.0225 12.0865 11.8014 6.7774 0.4739 -3.9365 -4.8396 -0.5434 -1.1334 -7.6913 -13.2117 -19.5360 -19.7898 -22.9069 -26.8962 -30.7921 -30.9664 -31.8355 -32.3919 -32.9701 -32.9709 -33.6553 -52.3355 -56.4783 -56.2469 -62.5865
-45.8977 -26.2909 -24.2854 -18.6963 -12.2545 -5.6132 1.2157 11.7357 12.8715 15.6461 15.6082 18.0384 19.6162 26.1000 28.8000 31.0000 33.2000 35.1000 37.3000 34.9848 33.2504 31.7653 32.7586 34.8890 36.2153 38.5325 38.2100 44.4000 45.2000 46.0000 45.8000 46.3000 43.5900 43.7102 42.2632 41.4783 42.7618 43.1749 39.6298 34.0269 28.4715 20.3359 11.2545 4.8231 0.3701 -4.2086 -6.4235 0.7000 -0.0110 -6.4224 -13.9024 -15.4713 -18.6891 -23.4954 -25.0711 -29.0306 -31.7820 -31.6984 -33.5855 -33.4813 -33.6854 -34.0884 -51.4273 -50.8292 -52.3264 -59.0556
-46.3185 -34.4040 -23.1484 -21.3889 -16.2383 -5.8490 -4.3779 8.0345 11.9372 15.0777 16.8137 17.5738 22.2000 24.2000 28.9000 31.7000 33.4000 34.9000 36.2000 34.5796 35.3132 32.7887 33.6822 36.8636 40.6076 44.5796 48.6000 50.0000 51.0000 51.0000 50.7000 51.0000 50.0000 43.1878 42.4839 42.1678 42.6803 43.3061 37.1384 33.1586 29.6095 21.7385 12.0472 3.1224 -4.3540 -4.4844 -4.6723 2.7000 2.5928 -2.3785 -10.8839 -14.1182 -17.6417 -21.0003 -23.0950 -25.3278 -27.9616 -30.1327 -31.5641 -34.6931 -34.3886 -34.4712 -36.4531 -46.9745 -47.8712 -51.0615
-37.2996 -37.8678 -31.5676 -24.9054 -14.1885 -5.2484 5.8105 12.7975 12.7614 16.2383 24.1000 25.3000 28.2000 27.1000 29.2000 31.5000 33.1000 34.8000 34.2000 35.2336 34.1161 35.0902 34.6062 37.0511 40.6836 46.0000 51.6000 54.2000 54.9000 55.4000 55.4000 54.2000 54.6000 53.1000 48.3000 45.9000 45.7000 47.3000 37.2023 35.2061 29.1982 21.2037 13.0245 6.7637 0.3222 -3.2704 -1.4427 0.9362 4.5827 -0.2529 -10.2493 -13.6685 -17.4768 -19.2954 -24.2816 -27.2118 -26.6790 -28.9302 -30.3314 -29.7734 -32.5635 -35.2784 -36.3000 -44.0982 -42.8257 -44.3028
-53.6882 -43.9736 -27.4347 -23.0312 -12.7234 2.0451 8.8610 14.7473 13.6243 24.5000 26.3000 28.5000 29.6000 31.9000 33.5000 35.4000 35.6981 34.7867 36.1759 37.4744 38.0763 35.7609 44.1000 46.3000 46.4000 48.2000 50.8000 52.2000 52.5000 52.8000 53.1000 52.4000 51.8000 51.1000 49.9000 48.4000 47.7000 47.9000 45.7000 42.9000 28.5360 18.4572 10.4025 3.3360 -0.0937 -2.2336 -2.8127 0.5501 5.0474 -0.0936 -8.7540 -12.9807 -14.9753 -18.8502 -22.6201 -26.4641 -29.7859 -30.2729 -31.0248 -31.8754 -34.1794 -35.1431 -34.9107 -34.6983 -38.7215 -40.9617
-56.9753 -42.6201 -37.3690 -21.8627 -5.1965 4.6725 10.1609 10.6233 12.7262 29.4000 31.5000 32.6000 33.3000 34.3000 35.9000 35.2240 36.1357 36.1719 37.0617 39.9000 38.7501 43.4000 47.0000 48.4000 50.2000 52.3000 52.4000 52.7000 53.6000 55.1000 54.8000 54.4000 54.1000 52.5000 50.9000 50.6000 49.3000 49.0000 46.4000 42.0000 37.6000 30.2000 22.0000 3.0195 0.0353 -1.1959 -2.6240 -1.0514 1.0183 -0.1972 -10.2733 -12.8194 -16.2724 -21.1142 -24.7427 -28.7912 -31.2691 -33.0435 -33.2902 -32.9121 -34.4144 -33.5596 -33.1409 -34.0321 -38.7832 -37.6405
-53.6384 -53.5460 -36.4515 -27.1509 -13.9250 4.6226 10.4171 10.7821 14.7522 24.9152 26.8227 28.9948 29.9830 30.9089 32.2976 34.2000 35.3364 34.9604 36.5212 41.2000 42.7000 45.7000 47.5000 50.3000 53.1000 54.4000 54.8000 55.9000 56.7000 56.7000 56.4000 56.0000 55.5000 54.2000 52.3000 52.0000 51.1000 47.9000 44.3000 38.6000 38.0000 31.8000 21.8000 2.1976 1.4174 0.1956 -3.8163 -3.6239 -3.2518 -0.6833 -9.8099 -11.4162 -14.3522 -17.9750 -25.8015 -29.8616 -31.4801 -34.2016 -35.3797 -34.4844 -33.0890 -32.0369 -31.4556 -31.2882 -33.1747 -36.7598
-51.6593 -44.2669 -31.4964 -24.6222 -16.0451 2.1656 11.8883 12.1476 16.5519 17.5614 27.1968 29.0362 30.7515 30.1612 31.8139 33.0153 32.9050 33.4061 35.8075 36.0146 42.0000 42.6000 45.4000 51.5000 54.7000 56.2000 57.3000 58.5000 59.4000 59.7000 59.2000 58.8000 57.3000 56.4000 53.4000 51.2000 51.4000 50.2000 47.1000 43.9000 41.2000 33.3000 25.6000 7.2168 5.1400 1.8173 -1.8048 -5.0259 -4.8484 -5.5042 -6.8257 -9.8245 -12.2177 -17.4194 -24.3338 -28.8051 -31.8326 -33.7637 -34.8539 -33.5146 -32.0497 -30.9771 -31.6889 -30.7662 -32.5594 -34.3447
-48.0363 -44.0504 -39.8099 -26.1521 -16.8757 -4.9896 7.6707 10.2580 16.5395 18.1900 25.1629 27.6754 28.3435 29.4988 31.1223 32.5781 33.1088 33.0000 34.9688 37.2675 38.8447 40.6898 42.6984 44.5891 46.3782 51.3000 53.3000 57.5000 59.0000 59.0000 59.3000 58.5000 51.5875 50.1844 50.1320 49.8704 48.9407 50.5000 46.3000 41.6000 40.0000 34.9000 13.3313 8.9786 4.4646 1.9227 -2.4694 -5.4393 -6.5882 -6.4380 -6.9474 -5.6351 -9.1285 -15.0247 -21.2802 -27.2149 -30.8493 -31.9339 -33.6641 -33.3449 -32.3332 -31.3666 -31.2441 -31.0049 -32.7046 -32.9194
-44.6212 -40.8490 -36.6980 -28.8764 -14.6962 -8.1604 -0.5725 5.1464 12.7231 21.3737 19.3878 26.4527 27.9926 31.5000 31.6000 31.8000 33.9000 33.7000 35.2000 36.8000 38.5096 40.7000 42.7000 44.5351 46.4294 48.1700 51.6000 53.1000 54.5000 55.4000 51.4376 52.7000 51.2552 50.6550 48.6430 51.0979 49.8702 45.8541 47.0000 40.9000 34.7000 31.4000 32.6000 29.2000 19.1000 10.1000 -3.0312 -5.0886 -8.4236 -8.2838 -0.1000 -7.1170 -6.7553 -12.0492 -18.1935 -25.2875 -29.4416 -30.8133 -31.5482 -31.6048 -31.8223 -30.9587 -31.3118 -31.0258 -31.2386 -32.0904
-40.4164 -37.5790 -34.0666 -27.9157 -18.7735 -10.1814 -5.0000 0.9854 3.5815 14.2266 16.6057 22.4662 24.8000 29.2000 30.9000 33.1000 34.8000 35.6000 34.9000 39.1000 36.8639 39.4000 42.6000 43.7945 45.7000 47.1000 48.6000 50.3000 49.2303 49.0933 50.7455 50.7150 50.5428 49.5210 49.2255 50.5000 48.9610 43.9950 43.2000 40.1000 37.6000 39.7000 38.6000 33.4000 24.9000 16.5000 11.6000 -4.0816 -8.0740 -10.0493 -12.3115 -11.8843 -6.9489 -10.9664 -17.8554 -24.7362 -27.3802 -27.9687 -29.7734 -30.1084 -31.4178 -31.4054 -30.7312 -30.6067 -31.0329 -31.3685
-34.3412 -33.6829 -32.2528 -29.2582 -22.3630 -13.8651 -7.1513 -2.1494 -0.3259 2.3571 1.9850 3.7951 24.1000 29.9000 31.5000 32.0000 29.1000 30.0000 31.5000 33.2000 38.1000 42.0000 40.6809 42.6000 47.1000 48.2000 49.6000 49.8000 47.3042 48.8000 50.3515 49.5941 49.1849 49.6647 49.8604 52.4000 49.6808 45.7083 45.5431 45.2000 43.3000 42.7000 38.5000 37.2000 27.0000 22.0000 14.7000 -5.0703 -5.8241 -9.8224 -13.2881 -16.0863 -16.3430 -14.1858 -16.9360 -23.3239 -27.1998 -28.4397 -30.6872 -30.8970 -31.0426 -30.9162 -30.4461 -30.6418 -31.1122 -30.6894
-28.6007 -29.3674 -29.3413 -28.8581 -24.1180 -15.1083 -8.5697 -4.9588 -3.5888 -6.8292 -1.0179 0.0494 2.5863 27.0000 30.6000 30.5000 32.4000 33.3769 36.0000 40.8000 43.4000 45.8000 42.6395 47.9000 47.9000 51.2000 53.9000 54.0000 53.9000 54.8000 53.3000 53.2000 49.4812 49.6028 49.7013 52.4562 50.9932 47.6607 44.8084 45.2385 45.4000 43.2000 42.2000 38.4000 27.3000 24.6000 13.9000 -1.9739 -5.3981 -8.2436 -11.0042 -15.2392 -15.5384 -5.4000 -4.7000 -9.1000 -16.2000 -27.4740 -29.2705 -29.7027 -30.5692 -29.4246 -30.1234 -30.5818 -29.9232 -30.0217
-18.5464 -20.8096 -29.1510 -27.1303 -22.7875 -17.5843 -11.6574 -8.1094 -7.2049 -12.7476 1.2336 2.7951 17.4022 24.7000 27.7000 32.0742 34.7101 35.0378 37.8519 40.6000 43.1000 46.3000 49.5000 50.7000 51.6000 50.7000 53.1000 53.8000 54.1000 54.2000 54.3000 54.7000 54.7000 54.0000 50.4359 49.1501 50.8490 52.0921 47.8243 45.9697 42.3517 41.9588 40.9000 36.8000 32.2000 27.3000 12.1000 -4.1671 -4.5020 -7.5808 -7.8000 -8.0000 -10.4000 -10.0000 -4.4000 -8.4000 -13.1000 -27.9046 -27.3191 -28.5550 -29.6329 -29.2043 -29.0273 -28.7672 -29.0296 -29.5923
-7.4625 -10.7472 -16.6189 -18.2772 -22.6583 -18.8765 -14.4253 -11.7355 -10.8913 -2.6853 3.8086 9.9754 15.2659 16.8134 26.0000 32.0746 32.3858 33.3735 37.9000 41.5000 43.6000 45.9000 50.2000 52.2000 53.8000 55.1000 56.4000 58.0000 58.4000 57.7000 57.0000 57.0000 57.1000 56.8000 54.9000 54.8000 51.0703 52.1901 50.8049 47.9652 43.7995 39.7251 38.6459 39.1000 35.9000 26.6000 29.4000 -2.1540 -4.7942 -4.6286 -2.2000 -4.3000 -7.1000 -8.4000 -5.0000 -9.9000 -13.0000 -27.2327 -27.5549 -28.3027 -28.0474 -29.3326 -29.6167 -29.3164 -29.8241 -22.3000
-8.3471 -11.3962 -11.2052 -13.6724 -14.8821 -17.2610 -17.3289 -15.5987 -15.4929 -16.0644 3.1513 0.1231 16.5057 15.6951 16.1557 9.4584 26.8817 29.5233 37.4000 43.0000 43.7000 47.2000 50.6000 53.8000 53.2000 51.0000 51.0000 51.4000 54.4000 56.4000 55.3000 55.0000 54.4000 53.6000 53.4000 53.3000 53.1000 51.5044 51.5181 47.9711 43.2660 39.7931 36.4196 38.8000 37.5000 32.8000 28.2000 18.2000 2.8342 -2.1962 4.1000 -1.5000 -5.5000 -5.8000 -6.4000 -7.6000 -12.1000 -27.1126 -26.8242 -27.1186 -27.6460 -28.9491 -28.8270 -28.7587 -29.1886 -22.0000
1.1291 -2.9168 -8.1813 -13.5313 -15.4824 -16.4907 -15.2457 -18.3061 -19.1420 -18.2182 -8.0789 -2.0862 -3.9407 4.7865 4.5398 7.6797 29.3024 27.9026 40.4000 43.6000 45.4000 49.5000 52.6000 54.3000 54.2000 50.9000 54.2000 56.9000 56.5000 55.6000 55.7000 55.0000 55.7000 55.4000 55.3000 55.1000 54.2000 54.6000 50.8030 50.7371 47.6491 45.2370 43.3088 40.8172 40.8000 35.0000 31.7000 25.9000 16.6000 7.6000 8.6000 -4.5772 -3.3000 -1.3000 -3.3000 -4.3000 -9.8000 -26.2183 -26.9586 -27.1373 -27.2459 -27.3904 -29.1531 -28.8552 -28.6163 -21.6000
3.7676 2.1662 -5.9554 -10.1887 -11.3205 -14.2189 -17.8195 -19.4581 -21.2086 -20.0487 -23.5678 -7.3056 -14.8551 -9.5525 -14.0716 -8.5160 -9.8283 28.9425 34.3385 38.6085 46.9000 47.7000 52.0000 53.6000 50.4000 53.6000 56.7000 57.9000 58.9000 59.2000 59.8000 59.0000 59.4000 59.9000 58.7000 57.9000 52.0128 50.0459 50.2562 52.9855 49.0234 45.3653 43.3106 40.2296 42.3000 39.3000 34.8000 27.5000 17.0000 10.7000 -2.9461 -3.5113 -2.8000 2.3000 1.3000 3.0000 -3.8000 -25.1166 -24.8719 -27.7654 -29.3143 -29.4070 -29.7026 -28.2350 -21.7000 -20.2000
2.1875 5.2971 -0.4137 -6.7482 -8.8255 -12.5446 -15.7905 -18.4779 -20.1907 -30.7253 -27.6598 -32.1162 -16.2644 -39.4174 -32.0920 -31.1899 -7.2871 30.2354 34.4284 38.3516 43.0455 41.8886 49.6000 48.9000 52.1000 54.6000 57.9000 59.7000 60.2000 60.5000 61.3000 61.0000 62.3000 62.4000 58.6000 53.6239 51.6759 50.7388 47.7232 49.0966 47.3924 44.1205 42.6450 39.4521 38.8596 36.9000 31.4000 22.3000 14.6000 10.1000 -1.0623 -0.7498 -1.4000 3.2000 5.4000 5.5000 0.2000 -23.2682 -23.5191 -27.9255 -29.2221 -29.7410 -29.1887 -29.0421 -20.7000 -19.9000
9.0495 10.8384 5.6327 1.1820 -3.4808 -9.0192 -12.0003 -20.8762 -19.2397 -36.4317 -47.3172 -49.1899 -48.4752 -58.8476 -49.8417 -44.2586 -21.1449 24.3793 32.0996 38.1258 40.1796 42.5318 41.7974 41.0924 50.7000 55.2000 59.5000 61.2000 61.7000 63.1000 64.1000 64.7000 64.4000 60.9000 53.5934 53.9779 52.4384 49.4745 47.4357 44.9051 45.1743 43.4313 39.8735 36.8972 39.8000 36.1000 27.1000 24.0000 14.9000 9.9000 0.8963 1.0741 0.6436 0.1949 7.4000 6.9000 0.7000 -22.3970 -21.4134 -25.1344 -27.8869 -28.7706 -29.2334 -19.2000 -19.3000 -17.1000
17.2888 12.6812 8.3999 -5.6646 -9.3044 -2.3615 -6.2043 -16.5865 -27.3920 -48.3281 -67.8846 -78.6574 -85.6513 -70.9082 -72.3344 -51.0811 -39.5980 -21.5267 35.8000 36.4908 35.9759 38.4000 37.9000 42.0000 46.7000 51.9000 60.1000 62.9000 64.5000 66.3000 65.9000 66.7000 64.4000 62.7000 60.2000 53.1783 52.2673 49.7829 47.2718 43.9917 42.7411 40.4359 37.9262 37.7847 37.4000 37.2000 29.8000 21.9000 10.2077 5.0147 3.2108 0.0500 -0.9710 1.8985 3.4039 8.0000 3.3000 -22.3305 -22.2584 -25.0068 -25.7914 -27.4829 -18.1000 -17.6000 -15.4000 -13.9000
19.7485 17.0917 -0.8156 6.5624 -6.1635 -8.5753 -14.1432 -13.2764 -37.1233 -60.2902 -84.8130 -111.4867 -117.1360 -115.1677 -97.7057 -77.6681 -40.3821 -3.0532 27.0387 31.3000 36.1000 41.0000 41.0638 48.3000 51.1000 55.2000 57.0000 59.3000 61.6000 63.1000 64.1000 63.1000 61.6000 60.5000 58.1000 55.3000 52.6000 49.6000 48.9000 38.6466 39.7025 39.1777 36.9648 37.2619 33.5235 28.7395 20.5876 14.6887 9.7893 6.1450 0.9138 -2.1149 -1.2194 2.3000 4.5210 6.4000 2.9000 -22.4680 -23.3198 -24.0941 -17.5000 -18.1000 -17.9000 -15.2000 -12.1000 -5.4000
21.1656 18.6386 12.8711 1.9002 -1.4687 -1.7880 -12.4439 -12.5667 -33.8385 -59.5546 -87.7517 -111.8421 -134.4186 -133.7579 -122.9945 -92.4189 -47.9972 -7.6673 -5.0062 37.2000 40.1000 44.5000 47.7000 47.6000 51.7000 53.4000 55.5000 58.1000 60.7000 61.6000 61.9000 61.0000 59.8000 61.1000 56.5000 54.3000 52.4000 49.7000 33.8565 32.4955 33.4962 36.5219 33.0608 33.4388 34.0957 29.2975 22.8253 15.5388 8.0802 2.9957 0.0158 -3.0988 -1.6000 3.6000 6.3698 -0.0618 -15.8255 -21.8259 -22.2063 -17.5000 -16.7000 -16.7000 -13.8000 -11.3000 -10.3000 -6.2000
24.2625 21.8486 18.2461 12.1971 5.1030 -0.0991 1.9400 -11.4885 -34.4730 -56.4533 -67.7982 -93.1656 -137.8389 -148.8742 -143.2677 -111.0412 -77.0508 -22.2618 12.9576 32.3000 36.2000 44.1000 45.1000 47.8000 50.3000 52.9000 54.7000 56.4000 57.7000 58.6000 59.7000 58.8000 58.5000 57.7000 56.7000 55.3000 53.1000 37.8778 33.1034 30.5884 25.5868 34.2444 31.4334 26.3896 30.4422 26.1799 21.4427 16.1657 7.6713 1.7896 -3.0426 -3.9876 -2.1453 4.3000 8.8034 0.6113 -20.6143 -21.4732 -16.5000 -16.6000 -14.5000 -10.8000 -8.4000 -4.8000 -1.7000 3.0000
25.8671 24.0857 22.5265 18.2637 5.9512 7.2801 9.6000 -28.2012 -37.8845 -47.0022 -54.1819 -90.7028 -124.7400 -148.1479 -153.1701 -124.8602 -95.7296 -52.9775 13.1093 -1.7347 31.2000 42.7000 45.0000 46.2322 47.6396 50.2896 48.4772 54.6000 56.7000 57.4000 58.1000 58.4000 58.7000 58.1000 57.0000 54.7000 35.3084 33.5105 26.9220 24.2104 22.2952 23.5106 28.2608 23.0233 23.4000 20.4870 12.3440 5.5544 0.1688 -2.1696 -3.9488 -5.8741 -4.2684 1.4000 6.8354 -15.8063 -15.3000 -15.6000 -14.7000 -9.7000 -6.7000 -7.3000 3.8000 7.2000 5.0000 7.3000
21.6669 25.5433 24.7031 24.2867 22.6183 24.2580 19.0140 -30.3211 -28.9587 -33.6817 -58.4008 -82.0395 -113.3800 -143.9454 -153.2925 -147.2164 -92.2429 -56.1507 -31.2709 -16.0119 30.2125 36.1000 40.9000 43.7000 46.3772 47.3166 46.9715 49.2000 53.3000 55.3000 57.7000 61.2000 59.4000 59.0000 58.0000 55.2000 50.5000 34.5369 28.5504 23.6689 20.3268 17.0769 19.6382 17.2260 16.1000 17.3749 14.3908 4.9245 4.9000 11.1116 0.8230 -6.0275 -9.6197 -0.6000 -14.6424 -15.4000 -15.1000 -14.2000 -4.3000 6.6000 7.5000 9.1000 7.8000 9.8000 10.4000 12.7000
20.1990 23.4292 24.9880 24.2722 25.4286 13.3351 12.3839 -21.4611 -24.1202 -20.6235 -47.1976 -82.6775 -107.8788 -124.6380 -143.4759 -127.8330 -106.0338 -66.2840 -40.9810 -4.9050 29.6000 31.7000 40.2000 43.4000 44.4038 44.3253 46.4293 47.1456 45.5278 49.0000 52.9000 58.3000 58.5000 59.4000 58.6000 55.5000 52.8000 32.6116 34.7476 31.2232 27.4553 26.5211 21.8866 19.2602 14.4427 8.4350 8.6441 12.7000 16.9000 16.4144 11.0505 -5.4724 -11.4580 -4.8000 -16.5153 -14.0000 -14.2000 -9.4000 2.4000 12.8000 13.5000 13.5000 15.7000 16.2000 17.1000 17.2000
19.6770 21.3081 24.8522 24.8685 24.3409 19.0072 5.0233 -11.4288 -11.3045 -14.1283 -18.6933 -58.4181 -90.0697 -92.5650 -108.1292 -94.4471 -101.9175 -76.9701 -27.0250 4.3058 34.0000 34.1279 39.3000 42.7000 42.5154 41.4419 44.4888 45.4203 44.1382 41.6040 45.9000 51.2000 56.6000 57.2000 56.5000 54.7000 54.1000 48.1000 35.7885 36.9605 32.6461 33.8407 30.1863 28.4302 25.6011 22.6153 23.2535 26.2816 24.9686 21.5308 16.0049 -2.3776 -13.4942 -14.8376 -14.5000 -13.9000 -9.4000 2.0000 5.4000 16.1000 18.8000 21.5000 26.2000 26.4000 26.1000 24.9000
