example_data/selke/layers/pt_base.asc
ncols 206
nrows 204
xllcorner 4432837.5
yllcorner 5724937.5
cellsize 200.0
NODATA_value -9999.0
[rows 174 to 202 of 204, columns 66 to 131 of 206]
226.1000 217.8000 165.5000 158.9000 206.4000 200.3000 197.1000 188.1000 154.0000 160.4000 153.4000 151.0000 153.1000 153.8000 147.1000 124.5802 121.0000 118.8128 112.5043 111.2243 113.6972 108.7921 104.5566 97.7932 85.9275 75.5910 73.0233 72.3661 74.2956 78.6379 99.2000 106.0000 114.8000 138.8000 153.5000 159.3000 156.0000 159.1000 160.3000 156.8000 155.4000 125.4309 118.2422 104.6656 100.2161 97.7557 132.3000 136.1000 132.8000 129.8000 128.9000 133.0000 132.8000 136.4000 134.6615 130.5666 125.5151 128.9000 132.4178 127.2121 124.6178 116.4261 111.0904 99.5260 87.2892 78.2557
226.4000 195.2000 221.9000 219.9000 213.6000 218.0000 192.2000 160.8000 193.6000 174.9000 171.3000 163.9000 160.0000 158.6000 146.1000 126.3819 130.7991 124.4595 137.3000 160.0000 163.1000 119.4443 99.7979 92.6646 79.6829 76.3362 76.5366 75.6000 86.6674 91.9000 107.9000 120.3000 129.4000 132.5000 178.1000 185.0000 192.1000 191.4000 187.4000 176.6000 154.6803 155.4953 126.5474 112.0054 110.1964 115.0000 139.8000 143.4000 143.5000 141.6000 142.0000 143.7000 145.4000 136.0918 136.4260 129.8400 128.2108 139.9000 136.2714 129.1826 126.3386 124.4429 118.2292 110.0705 99.0695 88.3858
191.1000 218.6000 227.1000 221.6000 204.1000 179.8000 177.2000 206.4000 199.2000 200.9000 187.8000 177.3000 178.5000 169.2000 164.1000 159.7000 150.1000 148.8000 155.6000 167.1000 108.7384 114.5408 95.3783 88.7159 73.3403 75.6760 77.7742 77.3000 84.0436 103.2000 110.6000 127.2000 145.3000 153.2000 152.2000 186.1000 200.5000 201.2000 202.1000 201.1000 169.1985 139.3470 125.0459 120.9445 114.3821 117.8000 144.7000 149.4000 153.2000 150.2000 157.6000 160.0000 158.6000 139.0886 137.1879 127.3128 121.4114 129.0031 129.1864 120.8974 121.2000 116.0923 104.6117 104.6233 93.1739 73.3312
216.2000 186.2000 221.9000 214.6000 223.8000 197.6000 185.3000 224.2000 214.2000 211.9000 201.6000 201.2000 184.5000 180.0000 172.9000 155.3000 160.2000 154.2000 139.7000 142.0000 129.9000 92.2299 85.4785 77.8850 76.1631 76.1915 74.7594 79.5625 100.0000 111.7000 108.3000 136.8000 157.6000 176.0000 172.7000 175.1000 193.4000 197.0000 187.9000 151.1792 136.7936 124.2575 123.4505 127.6000 142.6000 133.1000 152.8000 160.4000 162.1000 156.7527 156.7575 152.5139 145.0145 145.5911 137.1492 126.6656 118.3967 113.2827 111.1017 118.8556 108.0000 107.1402 85.4214 84.8829 84.0000 106.4000
219.9000 199.9000 228.6000 229.4000 206.0000 225.9000 221.5000 208.0000 228.8000 220.5000 218.6000 216.9000 209.7000 186.4000 180.3000 174.9000 164.8000 162.0000 172.6000 150.8000 136.1000 85.5596 81.4925 77.2523 74.7532 74.5692 75.1733 113.2000 133.3000 137.0000 137.8000 122.4000 152.2000 167.9000 174.8000 180.1000 182.9000 176.6000 162.0000 147.5455 136.1989 138.0267 148.6897 138.1000 159.6000 154.2000 162.6000 170.2000 159.6369 160.8572 156.6281 151.0783 145.5917 137.7970 134.2814 119.6580 112.2919 109.3787 104.9350 101.4420 99.1956 103.6000 105.9036 100.9568 95.4644 95.0937
211.8000 237.2000 237.6000 227.2000 237.3000 233.8000 219.8000 237.3000 235.8000 231.2000 226.2000 219.9000 212.5000 218.1000 205.7000 187.4000 169.3000 184.2000 175.3000 181.6000 173.7000 166.7000 78.9703 77.1388 75.3828 79.3744 112.3000 136.4000 142.5000 163.7000 154.2000 147.5000 136.9000 171.0000 181.5000 187.3000 189.5000 158.2042 162.8000 160.8000 172.9000 160.6315 156.9420 151.0000 177.3000 169.1000 173.2000 178.8000 158.3978 161.3009 154.4531 147.0693 144.4209 134.3860 128.9536 128.0903 125.7950 113.9055 117.6662 111.1416 109.8380 112.1375 110.1088 100.5409 95.5639 95.3774
223.8000 241.5000 243.0000 243.6000 242.9000 238.8000 222.6000 229.3000 232.5000 234.3000 231.9000 223.8000 227.1000 225.3000 209.1000 212.8000 201.5000 199.1000 195.4000 190.7000 173.7000 77.6953 77.6020 76.1727 81.0066 102.6000 154.4000 171.1000 179.8000 188.4000 188.0000 188.3000 146.8000 186.7000 199.2000 196.6000 188.6000 175.5000 167.8000 186.7000 196.2000 171.4906 165.4035 144.1181 140.8059 158.7000 171.4000 172.9000 155.9330 153.0353 153.9646 150.6978 150.5711 144.4531 139.0009 135.3683 124.4395 133.2078 125.5722 122.4862 116.0721 112.6287 113.5970 106.8691 93.4267 85.2473
240.9000 246.7000 250.7000 249.8000 245.7000 242.3000 236.1000 227.3000 234.8000 232.5000 228.5000 232.4000 228.6000 221.8000 211.4000 221.1000 219.3000 208.0000 180.8000 164.3000 130.4000 76.6580 76.5137 81.2477 87.4199 144.3000 125.1000 166.7000 194.3000 194.1000 199.3000 165.3000 191.0000 203.2000 199.7000 184.0000 173.0000 174.8000 169.9000 182.9000 176.3712 179.7404 165.1772 154.6722 146.5321 167.8000 155.1815 155.7278 153.6678 163.8000 166.4000 166.3000 147.5226 147.5436 141.1095 135.4664 135.3580 129.9673 131.3563 124.4403 118.5588 117.0719 111.0316 102.5337 96.2421 86.4736
250.0000 251.2000 250.3000 248.2000 246.4000 239.9000 236.5000 235.8000 235.6000 233.8000 231.1000 231.6000 227.6000 216.1000 213.7000 226.8000 226.0000 222.6000 219.3000 197.7000 188.6000 75.5954 75.8583 80.0203 144.8000 135.8000 187.0000 180.2000 177.7000 196.6000 193.2000 202.9000 208.3000 196.7000 201.2000 190.6000 197.5000 195.9000 178.8000 183.8065 178.8235 167.9950 166.8962 171.9000 175.2000 171.9000 155.3044 154.5124 154.6360 167.3000 169.3000 162.1000 160.3000 141.2584 141.5058 134.6396 131.4826 130.3309 129.0237 126.0027 124.5028 124.4760 130.5000 110.2306 98.3997 96.9794
250.9000 249.5000 246.6000 245.5000 240.0000 235.9000 243.4000 242.6000 237.9000 239.1000 236.7000 234.5000 226.3000 224.7000 224.9000 223.4000 226.0000 228.4000 224.5000 218.3000 213.4000 190.3000 74.4143 89.8000 200.3000 162.8000 194.7000 212.1000 209.7000 208.6000 204.8000 212.0000 201.1000 208.0000 200.9000 199.7000 196.1000 196.3000 195.9000 196.5000 176.8750 185.7000 183.4000 185.8000 179.9000 149.9278 151.0739 152.3192 163.9000 162.6000 156.1000 153.8000 165.0000 133.5827 134.8746 123.5069 124.8693 126.4000 137.7000 123.1988 131.1555 118.6526 123.6868 114.6006 106.3929 89.7094
248.8000 248.1000 249.4000 247.2000 248.0000 246.8000 240.9000 243.8000 241.4000 240.2000 238.3000 237.7000 232.3000 231.9000 228.3000 223.2000 218.8000 217.7000 192.4000 179.6000 143.6000 130.5000 106.3000 131.3000 195.1000 209.2000 216.3000 215.0000 212.4000 204.3000 211.2000 208.1000 205.8000 202.0000 198.6000 200.1000 196.8000 203.0000 203.3000 201.0000 194.3000 170.2613 190.6000 181.3000 143.2962 147.3379 147.1409 138.0697 158.7000 150.2000 138.3000 124.0000 145.0000 139.9000 124.3678 114.1566 111.0003 122.3000 144.6000 138.6000 113.9382 113.8765 104.7555 97.9704 97.3332 99.0275
245.1000 247.1000 254.5000 253.3000 245.9000 233.8000 233.7000 234.1000 245.1000 243.3000 242.5000 237.0000 236.8000 231.4000 228.6000 223.6000 212.9000 163.3000 147.4000 119.7000 93.1000 100.5000 101.5000 183.3000 194.5000 221.5000 224.5000 220.4000 211.6000 210.9000 215.7000 213.3000 211.1000 203.9000 204.6000 193.0000 188.1000 198.4000 199.2000 196.9000 177.0310 173.4971 159.9000 145.5040 145.2447 137.3059 136.0695 132.6981 136.3701 120.3652 117.0198 112.6349 109.3545 104.2618 104.2160 102.5369 100.1000 127.3000 133.0000 100.3777 100.3215 98.0164 93.8390 82.6592 94.2476 86.1657
252.7000 250.0000 246.1000 231.9000 247.8000 241.9000 202.3000 249.4000 251.1000 249.3000 239.2000 213.0000 224.9000 141.2000 179.7000 178.1000 223.7000 219.7000 140.6000 97.7000 146.9000 109.1000 172.9000 210.8000 213.6000 175.3000 191.9000 218.0000 226.8000 217.1000 216.1000 216.8000 216.5000 211.4000 197.3000 182.1000 176.2000 183.0000 142.0746 148.0737 151.4792 151.0449 145.3740 143.4168 133.2284 123.7540 122.5231 119.4026 116.2983 117.6876 111.1046 104.7707 100.1480 97.9832 94.5483 91.7034 86.3692 88.7000 84.9250 95.4392 91.7558 86.5980 77.1745 75.4193 86.5000 66.5000
235.3000 249.4000 250.0000 241.6000 210.8000 166.7000 198.6000 178.5000 186.4000 198.0000 238.4000 161.8000 230.5000 117.8000 122.4000 101.5000 188.3000 136.9000 96.1000 119.8000 161.3000 200.4000 153.1000 137.3000 201.1000 202.2000 229.3000 225.4000 228.5000 226.3000 223.3000 220.5000 199.5000 189.9000 182.6000 167.3086 167.3000 148.3380 141.2632 136.6227 133.9727 137.6167 144.0000 138.5000 132.8136 122.2239 113.5722 116.4000 117.7962 115.0302 109.5000 105.3411 101.6398 98.6989 97.0631 100.8867 93.9467 84.4843 81.6962 78.0805 72.2870 65.3739 70.6419 66.4243 70.8000 67.5000
173.3000 210.8000 237.1000 240.4000 240.8000 236.3000 203.4000 133.6000 113.7000 109.6000 126.0000 106.7000 105.6000 103.8000 147.5000 114.9000 109.3000 102.6000 130.9000 202.9000 181.3000 212.6000 207.1000 183.2000 210.9000 235.6000 233.6000 233.0000 229.2000 226.6000 222.3000 218.2000 203.4000 194.8000 182.0000 174.7000 192.1000 183.2000 142.0746 137.2862 136.0707 151.0000 141.3000 131.7000 127.4000 122.8699 141.9000 139.9000 137.4000 132.0000 126.9000 122.3000 107.8436 103.6574 97.1578 93.5047 93.1000 89.3022 85.5738 88.1733 79.6399 71.4906 63.7915 63.6408 71.9000 79.8000
208.8000 182.8000 171.8000 219.1000 171.7000 154.0000 112.9000 120.6000 127.0000 120.6000 109.8000 107.1000 116.3000 157.9000 170.9000 162.3000 207.7000 168.6000 183.9000 228.9000 207.2000 235.1000 219.5000 207.1000 219.1000 202.1000 230.2000 233.6000 229.5000 225.0000 215.7000 205.5000 193.3000 191.4000 190.5000 186.3000 191.8000 185.2000 167.7000 168.1000 181.3000 161.6000 150.2000 159.2000 161.5000 170.8000 153.8000 146.0000 141.7000 134.4000 115.6007 114.4760 105.3974 102.0709 98.1066 107.9000 108.2000 107.6000 97.0816 83.9268 65.6305 70.4000 67.4292 97.2000 99.8000 91.0000
193.6000 186.6000 136.9000 137.1000 154.3000 137.0000 114.0000 191.4000 189.2000 202.7000 210.7000 173.4000 156.0000 199.2000 186.0000 148.7000 157.2000 201.2000 238.6000 240.2000 237.7000 238.6000 214.7000 219.0000 233.2000 234.6000 232.9000 232.2000 226.8000 215.3000 204.2000 194.6000 189.8000 193.6000 200.4000 207.7000 200.9000 190.7000 182.8000 178.8000 177.3000 165.9000 171.2000 182.2000 179.2000 144.0274 142.6121 136.4890 125.9498 123.6949 114.6636 109.5682 110.8000 115.5000 117.7000 117.1000 114.7000 84.4307 81.3947 69.7287 71.6000 103.2000 119.6000 116.4000 103.0000 96.8000
188.9000 150.8000 120.8000 118.7000 116.3000 114.6000 126.0000 192.9000 226.3000 237.6000 205.5000 192.3000 235.9000 235.3000 180.1000 226.4000 240.8000 231.9000 205.0000 220.1000 231.2000 235.2000 230.8000 237.3000 239.1000 239.7000 238.0000 233.0000 221.9000 215.9000 219.1000 213.4000 217.6000 218.3000 216.4000 204.0000 202.8000 199.0000 189.0000 186.5000 176.7119 174.3000 177.8000 152.9498 155.5644 142.7084 135.2246 127.2653 123.0383 119.2613 113.1559 119.7000 128.6000 127.5000 127.0000 122.6000 116.4000 86.6592 72.5872 72.9000 90.0000 113.5000 110.9000 108.0000 103.5000 102.3000
184.7000 138.7000 118.8000 134.6000 135.5000 153.9000 219.9000 254.1000 245.0000 241.5000 238.1000 239.8000 245.8000 234.6000 199.4000 236.7000 233.5000 231.7000 235.6000 251.0000 256.3000 249.7000 252.5000 253.6000 249.8000 243.4000 234.1000 229.2000 224.7000 224.6000 224.5000 213.2000 211.5000 211.7000 219.2000 202.6000 185.3000 185.5000 194.8000 174.1240 173.3772 172.0000 178.0000 158.6544 144.6305 138.3559 133.3556 131.1898 124.3449 120.2000 120.9026 133.5000 134.2000 140.6000 130.8000 118.4000 79.5199 76.8309 73.4066 77.8398 99.5000 112.3000 116.4000 113.8000 114.1000 109.7000
121.5000 131.1000 196.3000 182.5000 148.5000 197.0000 252.5000 257.9000 258.0000 253.1000 242.2000 249.0000 247.1000 244.6000 225.9000 210.4000 234.2000 259.4000 263.6000 265.9000 264.1000 263.1000 256.5000 249.7000 242.8000 232.6000 222.5000 222.4000 229.2000 222.0000 224.9000 216.3000 203.1000 178.1000 199.3000 190.9000 177.0000 177.5000 168.9333 172.2828 164.2041 161.5177 151.8498 144.8425 139.0491 133.1885 133.2663 131.3145 127.8000 126.2907 136.2000 133.5000 131.1000 133.7000 121.1000 84.3217 82.9925 71.5970 90.7320 96.9000 113.8000 119.2000 134.4000 127.1000 117.6000 119.9000
187.7000 246.9000 236.8000 218.4000 190.4000 147.2000 227.8000 259.3000 260.1000 254.7000 251.9000 249.3000 247.1000 234.6000 210.9000 242.4000 267.8000 261.0000 258.2000 254.7000 253.6000 250.7000 244.2000 240.9000 227.4000 205.6000 197.5000 191.2000 203.4000 189.5000 227.5000 221.4000 201.6000 185.6000 170.3000 166.9000 164.0000 182.1000 170.3329 164.1843 159.1236 152.0524 151.0000 150.6000 139.0267 135.1680 131.2594 127.2684 129.3099 134.2000 132.6000 131.0000 126.9000 101.2955 88.9525 93.1613 76.8113 72.9883 78.4391 119.8000 116.5000 128.5000 128.7000 123.0000 121.8000 126.9000
159.0000 217.2000 243.0000 256.1000 191.4000 206.2000 165.1000 242.3000 257.0000 253.4000 255.6000 251.6000 240.8000 229.9000 258.6000 265.1000 259.7000 254.7000 250.3000 245.3000 242.1000 241.4000 233.6000 223.6000 231.3000 229.6000 219.4000 207.2000 200.5000 182.9000 220.7000 217.5000 198.6000 185.0000 172.7000 160.6000 150.1000 157.7000 186.9000 164.5469 158.4534 166.7000 160.0000 161.7000 159.4000 148.2000 139.6000 137.7000 137.5000 111.9943 120.1772 108.5805 119.2721 98.2863 86.3282 78.0341 78.3322 77.5000 113.7000 119.0000 124.5000 128.2000 127.2000 120.2000 118.6000 120.2000
216.7000 176.4000 217.7000 250.6000 229.8000 236.7000 212.1000 184.7000 204.0000 232.8000 225.4000 237.4000 248.2000 266.9000 272.5000 265.3000 257.6000 251.0000 246.7000 247.4000 246.7000 242.5000 241.1000 234.0000 233.9000 222.0000 211.5000 203.6000 199.4000 187.5000 169.4000 201.1000 195.7000 183.7000 176.9000 169.3000 161.3000 148.9000 159.1000 177.2000 166.1000 167.7000 159.9000 148.6000 149.1000 120.7330 142.6000 140.2000 134.8000 114.3913 101.4143 93.4584 92.0000 90.1000 97.8710 99.8000 104.0450 79.0797 95.7000 138.4000 127.1000 121.0000 114.5000 112.6000 120.5000 120.6000
170.6000 226.4000 251.1000 271.0000 283.8000 277.3000 267.0000 228.4000 212.8000 231.4000 254.9000 265.1000 273.5000 275.8000 275.4000 265.4000 257.5000 252.5000 249.8000 249.9000 247.2000 237.4000 229.1000 217.3000 223.0000 211.2000 207.6000 203.3000 182.4000 180.7000 173.3000 164.2000 198.7000 203.3000 198.2000 183.4000 170.4000 160.3000 132.7000 152.7000 159.2000 162.8000 158.4000 151.0000 125.1223 119.0854 117.9913 102.9322 99.8561 93.3751 99.6000 101.7000 109.5000 123.2000 108.1924 120.3525 148.9548 90.4775 81.1000 134.7000 123.9000 117.7000 113.5000 110.3000 117.1000 123.2000
187.0000 231.6000 265.9000 278.7000 276.9000 277.5000 277.6000 265.2000 250.1000 276.2000 281.5000 282.4000 278.6000 272.6000 263.7000 256.3000 253.0000 254.1000 236.4000 230.1000 218.6000 210.1000 202.7000 196.2000 203.4000 205.6000 200.1000 192.7000 183.7000 170.6000 154.2000 158.2000 193.9000 209.1000 202.6000 182.9000 166.9000 153.9000 146.0000 133.5000 134.8000 130.6000 109.8252 109.7000 122.2000 114.8000 102.0797 94.0443 97.6137 105.4106 120.1000 132.2000 135.5000 138.8000 141.3000 137.3000 119.9282 107.1502 82.0183 86.4000 112.1000 104.6000 101.1000 113.7000 117.6000 126.7000
236.0000 247.9000 271.0000 271.9000 268.0000 264.9000 278.2000 277.5000 277.6000 282.4000 280.3000 269.3000 261.8000 257.2000 250.1000 246.0000 233.7000 233.0000 224.8000 212.6000 202.8000 195.6000 188.9000 183.4000 184.4000 186.4000 184.7000 179.1000 170.9000 150.2000 182.3000 142.2000 169.9000 174.6000 155.0000 138.0000 127.7000 124.1000 121.8000 120.8000 121.3000 116.3000 133.1000 155.0000 140.0572 129.0226 117.7909 97.9126 126.4000 134.4000 144.1000 148.5000 149.8000 157.8000 148.5000 145.5000 142.3000 118.5000 85.3000 86.9000 93.0000 108.9000 105.9000 136.3000 129.3000 132.0000
242.5000 216.5000 237.5000 252.0000 260.5000 260.8000 261.4000 271.3000 270.7000 267.7000 262.9000 254.9000 253.5000 240.4000 227.6000 225.1000 217.8000 204.0000 200.8000 192.9000 189.0000 182.1000 176.6000 172.2000 184.7000 185.8000 180.2000 173.6000 167.3000 167.4000 140.7000 154.2000 140.8000 137.8000 130.2000 143.2000 148.1000 151.1000 157.4000 155.0000 151.0000 149.6000 160.7000 171.4000 145.1322 143.5000 150.8000 152.5000 159.3000 155.1000 164.5000 149.0000 144.7000 166.5000 121.3000 108.1000 87.0000 92.8000 113.2000 119.2000 115.2000 132.8000 120.9000 113.5000 131.1000 141.3000
271.7000 251.1000 235.4000 260.7000 258.6000 268.3000 275.9000 278.5000 269.0000 251.9000 237.5000 226.0000 225.3000 214.0000 204.7000 200.9000 197.4000 195.6000 190.1000 184.0000 179.3000 174.2000 168.3000 166.2000 166.6000 157.4000 151.7000 154.3000 152.8000 164.1000 160.3000 177.7000 159.3000 163.5000 169.3000 172.0000 170.3000 171.1000 172.6000 167.4000 161.5000 158.6000 160.2000 183.4000 174.1000 172.3000 153.6000 143.2000 139.3000 137.4000 133.4000 125.3000 110.9000 108.2000 93.3000 89.6000 111.7000 110.6000 111.5000 125.3000 133.8000 145.1000 132.0000 128.6000 122.7000 125.0000
278.2000 276.6000 255.7000 279.7000 278.1000 274.3000 261.3000 256.2000 249.1000 246.1000 229.9000 212.1000 203.7000 197.9000 195.1000 191.2000 192.3000 188.2000 185.7000 180.5000 174.5000 173.2000 166.5000 163.6000 167.0000 180.5000 176.7000 193.9000 175.1000 210.5000 188.9000 200.4000 192.2000 187.2000 188.3000 184.8000 183.7000 177.9000 170.9000 164.2000 157.9000 154.8000 141.0000 144.0000 142.5000 134.3000 119.8000 104.6000 99.0000 98.2000 96.8000 95.3000 94.3000 92.8000 91.6000 101.5000 116.6000 103.8000 118.3000 120.1000 126.5000 144.0000 139.0000 138.0000 133.6000 133.4000
