example_data/selke/layers/pt_top.asc
ncols 206
nrows 204
xllcorner 4432837.5
yllcorner 5724937.5
cellsize 200.0
NODATA_value -9999.0
[rows 140 to 167 of 204, columns 64 to 127 of 206]
198.0000 171.2906 177.2000 165.8212 160.0000 155.6000 151.1409 148.5797 145.8353 143.9816 142.3734 141.8789 144.0985 144.1971 147.1453 148.8272 149.0735 150.1408 150.1857 152.8535 150.7340 152.6615 153.1779 154.2862 154.7453 153.3861 153.0184 151.3152 150.3127 148.8798 148.2381 148.3673 146.5331 144.4218 141.5111 140.1843 139.3481 138.4387 134.0728 133.9999 132.8212 124.6521 124.7316 121.4410 113.6522 109.7580 111.8426 109.7582 106.9833 104.4409 100.6662 104.4319 100.3647 100.6637 101.4841 103.3304 106.1029 108.2609 109.6333 109.6938 110.8246 112.4315 114.0582 115.1549
198.6000 208.9000 204.6000 169.8719 165.6564 174.3081 161.7540 155.4471 149.7950 148.2601 145.4110 144.3032 149.4929 152.8013 154.6193 155.6711 154.9847 154.9300 156.1000 156.4864 156.7786 157.8008 158.2415 158.3158 157.7855 158.2196 157.2758 155.6524 154.5114 153.1736 153.0853 153.0627 151.3429 149.6833 146.6388 143.0861 140.9783 139.9379 135.3527 135.2495 132.6465 127.5049 125.2558 120.2498 116.8616 116.7030 117.5373 113.3959 108.7918 105.1544 102.9543 99.5672 102.8146 103.5380 106.1246 111.4437 115.0306 114.5298 113.4209 112.5392 113.5752 111.1639 111.8602 113.5393
165.1000 181.0000 187.2000 193.0000 167.8714 168.9720 163.2762 156.2304 152.6183 149.2333 148.7733 152.3000 157.9000 164.8480 163.8141 163.4868 162.5707 161.0521 160.2111 160.3220 161.7825 156.6000 153.5000 160.2672 160.9061 160.7803 159.8449 157.9858 156.6196 155.8695 156.2462 156.0896 155.2476 152.9751 147.9299 146.7978 144.8905 142.8486 137.3296 136.3844 132.1121 127.2622 124.8933 124.8242 121.2733 120.2498 115.8367 116.5039 112.3967 109.6792 107.4632 111.6461 106.0429 110.5347 113.1647 118.2950 125.1847 123.3540 121.0881 118.9911 114.2998 111.3329 111.3884 111.8069
140.2972 162.4000 165.3000 170.4000 158.9826 160.3342 156.4275 153.8423 152.7744 152.1003 151.9433 154.7684 168.1091 181.7443 184.7000 180.4608 172.7765 166.9913 164.9434 164.4536 155.2000 151.8000 148.6000 160.4702 159.6447 159.7032 158.3255 157.5831 155.7606 156.4752 155.3653 154.2996 153.5907 150.7864 150.8053 149.2206 147.9034 146.0261 140.7781 136.4138 133.9515 128.9634 130.9840 127.3622 134.3985 137.8930 125.1972 115.2358 116.8069 112.5596 109.0636 112.1454 103.9715 110.3588 113.9981 118.8815 124.2820 130.2944 127.1948 121.1752 117.9801 116.4760 110.7180 110.1249
140.1725 140.5286 141.4328 156.0000 153.0745 153.5499 152.5567 151.0708 154.9279 153.5703 152.6912 153.5365 159.5140 166.0486 173.5709 176.4165 171.9384 167.4927 164.7786 161.9334 160.8626 161.2096 158.0337 159.0702 158.3291 157.2879 155.5371 154.6721 152.6724 151.2506 149.7958 149.7903 148.4466 148.9980 149.8734 149.1001 147.3839 147.4741 140.6595 133.8316 133.8568 128.2553 132.2043 129.2294 130.3335 139.0443 139.9455 125.4973 115.1995 114.9846 112.7162 113.7933 118.0804 113.4605 135.5708 133.6631 134.1906 134.4357 125.2371 122.2840 119.4293 117.8145 114.4678 109.6533
138.2827 141.8101 141.9596 148.8000 146.9987 152.1707 153.3145 156.4475 156.8989 156.2341 158.1285 160.5334 160.4310 161.6880 163.0918 163.8214 162.2545 160.4726 159.4008 159.0286 157.7438 157.6763 158.6068 157.4593 155.5345 153.9643 152.8002 151.7041 149.4659 147.1475 145.6597 143.4320 145.8234 142.1871 148.0306 149.4372 147.2649 144.8472 137.2812 131.9382 129.9389 129.9389 135.2886 134.9985 132.5595 138.3179 139.3264 128.1997 116.9885 116.4470 114.4183 117.2499 118.3298 119.3949 138.2701 136.4029 136.0171 134.8684 132.9534 129.9858 119.9808 120.3952 117.0367 112.4545
139.7354 139.8747 141.4771 146.4312 151.6657 152.8688 156.2736 163.7025 163.4626 160.6627 163.0855 164.3267 164.7399 162.8324 162.4227 159.4458 158.2452 159.5757 158.1855 157.6374 156.6929 156.9841 156.7635 156.8971 155.5393 153.2467 152.4788 149.8871 150.4249 146.3988 145.6951 144.5779 142.7682 141.6932 140.2299 139.6214 133.8063 129.7567 129.4201 131.2428 129.5776 130.2451 139.6426 135.9159 135.7100 139.0651 138.2598 131.1194 130.5260 119.5338 116.1662 115.5484 121.7745 119.8392 139.8543 139.4203 137.4530 136.0671 135.4849 133.9033 129.5625 118.3578 117.6414 115.2244
139.9137 137.3709 142.3670 142.9898 148.3229 154.4633 162.6000 162.7426 160.4146 161.8267 159.8335 161.8345 163.7206 162.9572 160.5382 160.5101 160.1927 158.9274 157.3840 156.9133 158.0959 159.1054 158.6807 156.8997 156.1498 154.7042 151.8709 151.0222 147.7313 146.8317 146.1113 144.8929 142.9016 141.9652 143.7944 140.0748 131.7331 125.4389 125.7275 133.5067 134.9609 131.2013 143.9850 138.5437 138.1507 138.2008 138.8208 132.3928 134.2913 119.0004 115.1175 115.8750 119.4134 122.5992 142.8000 141.8784 140.0492 137.5595 136.4360 136.0210 131.6570 128.2861 125.2909 114.9017
143.9788 144.7294 145.6661 146.1805 147.5000 151.4211 149.5378 151.2814 154.4267 160.0000 159.4000 160.5000 161.2795 159.4608 161.4509 160.0870 158.3820 158.9792 158.7904 160.5787 159.5096 158.6885 159.6891 158.0082 155.7987 153.9991 151.3676 150.1607 148.7928 147.4937 146.3852 145.9016 146.3417 147.3847 146.8595 138.1286 131.6329 129.1125 129.0932 132.1312 152.3731 151.3583 141.7657 143.3863 140.9396 138.6576 138.1560 132.6497 132.3610 123.4014 125.1843 124.1514 126.6097 125.5086 140.3242 142.2178 138.8756 138.6569 138.7769 137.6714 135.7780 130.6469 126.7367 123.1688
148.0442 146.3044 145.0311 144.2973 145.9000 147.0401 148.8000 151.0000 155.1000 158.6800 155.1877 156.3155 158.0254 159.1440 159.7000 160.1414 158.9607 159.6042 160.5773 160.4375 160.3678 160.3088 160.2142 158.1558 155.1189 154.2156 152.5307 152.2303 150.6666 150.2088 149.9849 149.7371 149.1975 148.1691 148.5499 145.6024 149.9229 150.3986 149.9832 149.4870 148.2789 149.1970 140.8897 142.0860 141.5074 140.3326 141.1252 132.2571 131.2970 128.3294 129.9024 129.1716 130.5027 129.3445 133.0736 140.4300 141.8220 141.0434 141.4558 140.5822 137.0748 132.8594 128.9634 125.4435
150.2515 149.0302 147.2317 145.2038 148.4327 148.1931 149.3064 151.8325 152.1715 151.9604 154.4789 155.6317 158.8358 159.6086 161.9876 158.6962 159.1943 158.1458 160.9718 161.7335 161.8288 162.5242 158.5708 157.2941 158.9380 156.0603 154.6690 155.0497 153.7465 151.5960 150.2927 149.5531 149.0346 148.6822 154.7273 152.5624 152.4167 150.5311 149.1585 143.4809 141.9909 142.3889 139.5489 141.0386 142.4006 142.1281 144.2123 132.9586 133.1133 130.5204 129.9016 130.9935 130.9209 131.5703 129.9935 133.3986 147.2046 146.6163 146.1792 142.9456 140.8955 135.8628 131.2233 127.8794
150.0943 148.5581 147.2850 146.8958 145.6709 150.8000 149.7656 150.0141 151.2283 149.5249 152.5933 156.4663 158.1458 159.9053 161.3949 162.7524 158.6788 159.4373 160.2837 161.5932 161.8386 160.8583 159.1567 158.3405 158.6019 158.4593 159.6429 158.2943 157.2510 153.3306 151.8573 157.8132 157.2532 156.3240 154.5079 151.6846 150.7791 148.8276 142.6708 143.8682 141.2490 140.4576 141.1637 142.4604 144.2058 145.6047 145.4548 134.4630 134.2720 130.9177 131.7572 129.5323 132.0327 132.0796 132.7020 133.1271 136.7752 144.8768 148.0622 146.5407 143.0318 138.7313 133.6736 130.6246
149.8816 148.4284 147.3668 146.2475 147.0083 147.0974 148.9731 151.3038 150.9032 148.2470 153.4116 156.1770 157.1167 159.7074 161.2617 163.0471 164.4517 166.7304 167.9785 168.1688 167.2846 160.6179 162.1076 159.6497 160.2429 161.1992 159.8354 159.0808 156.9479 155.9103 159.7095 157.3066 156.4426 155.4805 154.4322 152.0096 151.6099 149.4319 150.8180 143.4809 141.8583 141.5931 144.1397 145.3047 146.5726 145.9746 146.9485 135.7295 135.2680 131.6574 131.0942 130.2795 132.7462 148.6846 141.6775 133.1894 133.7392 135.7784 147.9000 150.3246 146.2002 142.4629 137.8668 134.6553
150.7822 148.9126 146.8569 147.2438 148.7393 148.6399 149.2155 149.7026 151.4895 151.1169 152.6355 155.3068 160.0863 161.6867 163.8587 165.1857 167.1152 168.0492 169.1595 168.8762 167.4281 164.0819 162.5206 161.1826 161.6969 161.6189 161.1277 158.7436 156.7592 157.5007 159.2379 158.0535 157.2821 156.1782 155.7642 156.3699 152.3553 152.3970 157.7281 155.9291 152.9563 152.1244 150.5761 148.2880 146.6524 146.3068 145.2291 137.1184 136.9129 132.2484 132.1208 131.1670 133.5772 148.3950 146.3818 143.2906 137.8796 134.7023 137.9348 138.6702 147.9673 147.9725 143.2700 140.8456
152.4566 151.0354 150.2196 155.2000 149.4471 150.9621 151.7723 151.0017 151.3825 153.0859 157.3998 155.8850 159.2015 163.8342 166.5948 167.3435 167.7475 168.7711 171.2105 169.8416 167.2265 165.8827 164.0956 163.6525 163.7113 162.6841 160.6479 160.1278 157.7139 158.7881 160.9679 159.2501 158.8999 159.5881 160.7761 157.6367 164.3000 161.5072 159.4866 147.4000 156.2258 153.0929 152.4441 147.5799 145.3269 146.2531 145.8447 139.0757 138.6322 137.7034 133.5300 132.5795 135.6823 149.4280 148.6774 142.7210 139.9762 138.9511 135.7662 133.9962 138.0114 135.2165 139.9375 141.5162
154.6705 154.0736 155.2000 160.5000 159.4000 158.2000 151.2454 154.8469 157.1196 157.8584 158.0254 161.4806 160.2388 164.1625 165.8110 167.5470 169.1861 172.7785 172.3364 170.7705 168.3991 167.7965 166.2954 166.2993 164.9200 163.8150 161.7687 161.4751 159.1714 164.1097 164.2225 162.8326 162.5551 163.7342 162.4827 167.7000 170.8000 164.5337 162.2599 157.9795 155.8163 152.9225 152.2534 149.1792 148.2106 145.0380 146.9192 137.4939 140.2058 138.2750 138.0168 137.0580 137.3873 145.9094 142.1022 142.3541 143.7068 142.8158 139.3458 136.1072 130.4293 131.2258 129.7667 130.4883
166.1000 161.0000 166.5000 167.9000 167.3000 166.5000 164.6000 165.4000 165.2310 164.1582 165.1568 163.8672 164.9782 163.9342 166.1176 167.3812 170.0036 170.1735 172.4825 171.7832 171.0461 168.4390 167.4876 168.4603 166.3109 165.3130 163.2566 162.1936 162.0337 166.3262 165.7717 164.5208 165.6810 165.8326 168.2000 170.7090 166.4851 164.2276 161.1916 157.9430 156.1951 155.8368 154.8279 150.1440 148.9477 149.8308 142.8963 142.2714 140.1477 139.4204 139.5833 138.1975 148.7274 148.2708 144.5371 145.1976 145.2097 145.4670 142.4456 138.4997 134.7982 131.5878 130.8904 130.7330
171.9000 172.1000 175.4000 177.7000 179.0000 178.7000 178.2000 177.5000 178.8000 178.1943 176.7000 175.0081 171.5197 172.6496 169.0855 170.6154 171.9633 173.4745 173.5939 173.5917 172.6745 170.5835 169.5056 169.3743 168.5427 166.2760 165.8214 164.3918 167.9032 168.8693 168.4817 167.6196 168.9670 170.9436 173.1189 170.7865 168.2217 164.6561 160.0325 158.5606 157.2787 157.2414 149.9396 149.0478 151.4299 151.9914 142.1693 143.6946 141.0132 140.4415 140.0208 139.6610 149.6706 150.2286 149.2137 148.3498 148.7890 151.8646 154.3053 156.4332 155.9393 155.0905 153.5470 147.0718
176.0000 183.1000 193.5000 198.5000 204.9000 211.5000 199.2181 195.9786 190.7308 188.5550 187.9246 201.5501 187.5672 183.7051 177.2000 185.4000 186.3588 179.8010 175.1026 173.4123 174.0295 173.1293 172.4718 171.1413 168.0602 167.5368 169.5210 171.0719 171.3271 171.6592 172.5104 170.9421 173.0340 174.5356 175.4907 169.6250 168.1907 164.9873 162.4773 161.3277 161.2955 160.2701 158.4195 147.4825 150.1565 145.1925 143.9174 144.1397 141.4952 140.1546 140.7419 153.3702 153.3332 153.2906 152.2744 152.6597 156.0434 158.0778 165.7871 163.9103 159.9396 159.7875 155.9513 150.8598
181.6942 188.6540 214.7000 222.7000 223.9000 210.6277 213.4247 205.0271 202.4266 199.7227 194.3536 189.8221 188.4544 182.7937 180.8000 183.4401 183.1958 180.4908 177.8353 174.3018 172.8489 173.3022 170.8602 171.7413 174.7832 173.0994 174.8866 174.2526 174.3485 173.2039 176.1744 175.2148 177.7555 178.7010 177.3354 173.7110 171.6033 170.2663 164.7647 161.7002 160.9644 159.9950 148.1241 147.2312 146.8079 147.2236 145.5615 142.3416 141.9543 142.0960 141.6844 157.0446 158.1000 160.4000 159.4413 159.6499 161.2062 165.0784 167.6837 164.6684 162.4837 159.3817 160.2000 157.9051
194.0678 193.3112 202.8467 210.9635 212.5670 209.8491 206.6702 202.4384 196.7947 192.1051 191.2725 189.8819 186.2703 186.6438 185.9692 187.8391 186.6304 184.8366 182.0921 178.1678 175.8994 174.4615 178.7965 179.5461 178.6537 178.2865 178.6107 179.5555 176.0522 184.0000 184.5000 178.4969 184.8428 184.4404 184.2025 182.5407 174.5303 184.4000 184.0000 153.1858 151.6026 150.2419 149.0862 148.0441 147.5632 147.4005 147.1499 145.3938 147.4975 149.8975 151.3893 159.6421 167.2649 168.3000 167.5042 166.6196 167.4475 170.8428 169.8442 168.2367 164.7209 164.4000 168.5813 170.4067
207.1980 208.6000 212.7844 217.8714 217.4769 215.2010 210.8640 206.3425 202.6011 195.7518 195.5296 193.7139 191.2784 191.9678 191.1514 191.3335 191.0446 187.3531 181.8819 180.2851 182.5492 182.2741 179.7259 180.9211 185.9000 180.5598 178.8176 188.1000 189.8000 191.2000 192.8000 194.5000 196.4000 184.4952 178.0950 171.2715 163.3036 156.5945 154.3392 153.1272 152.0910 150.9502 149.5898 148.4230 147.2266 146.8456 147.4896 149.2841 152.0139 160.7233 166.5000 171.3000 176.1000 169.5189 174.9343 175.3281 175.0729 177.1959 174.8860 172.8087 171.2128 171.7574 172.1025 176.1915
218.4000 216.9000 222.3934 226.0000 225.6098 221.7439 219.9741 218.3154 212.0303 207.1616 203.6593 201.3260 199.2958 196.4794 195.1807 194.2204 191.7419 187.6300 187.8190 193.3000 195.5000 195.2000 196.3000 195.9000 196.5000 196.8000 197.2000 198.7000 200.7000 202.9000 202.3000 181.3418 175.3244 169.1102 161.2000 158.4614 157.1465 152.3308 155.4793 154.0620 150.2599 150.7432 149.3033 150.7606 147.5639 146.5385 150.5923 146.6730 153.0254 152.8522 157.4199 163.6000 169.5000 173.6000 176.2000 175.1118 177.5447 182.5818 180.3069 178.5548 179.2251 176.7081 176.9366 176.0032
239.3000 237.3000 227.9862 235.5365 228.2753 221.6942 215.5671 213.1020 217.3254 218.4191 215.0063 209.1013 204.3866 201.4312 198.4480 195.5562 192.4115 190.9000 197.0400 201.3059 197.8503 195.0076 192.6195 190.7020 189.3743 188.4397 187.5573 186.1640 183.6469 182.1411 187.3739 181.1291 175.5224 169.3218 159.6176 157.9341 152.5604 154.0126 150.6146 146.7792 145.2677 150.6566 149.2690 155.1834 151.2438 150.1686 149.9423 156.9356 159.5422 159.5294 159.8783 159.7111 166.6000 170.3000 172.7000 176.5000 179.1000 181.9000 185.9491 188.7526 187.6528 184.5672 181.8008 180.3950
234.5385 229.8453 226.4265 224.6034 221.3282 218.7307 214.9012 213.0695 211.3353 209.4384 208.1449 203.7384 200.5098 197.6998 195.8492 194.2166 194.7000 197.4710 205.2604 200.8586 197.7986 194.8937 192.3305 190.6344 189.1412 188.3475 187.8305 186.4939 184.1677 180.2792 176.7435 174.2012 169.4324 161.3032 157.8438 155.0106 151.1472 153.5699 146.9134 155.1959 155.6148 151.3964 157.3206 156.3623 154.3250 154.0158 159.2738 159.4491 158.9676 160.3755 161.3324 164.4092 165.0358 168.3000 170.0000 172.1000 176.2000 181.7000 186.4000 188.0382 189.7981 188.9335 185.2050 183.2185
232.1936 229.0552 226.7686 225.1634 222.2445 220.0590 218.0370 215.6312 212.7636 210.1354 204.9876 202.9791 199.4823 196.9745 195.0350 195.5381 197.4463 197.9856 195.7499 193.7467 190.8775 189.1621 187.1794 185.8103 182.8452 179.9344 180.9511 179.7532 175.9771 173.8099 172.1722 162.9451 161.1045 157.4115 154.8979 156.0865 151.2061 145.8271 155.2783 152.7509 154.8778 161.8976 161.9779 162.1452 161.4589 162.2005 165.0133 163.1688 161.3714 162.1453 166.3155 166.4660 169.4669 170.5863 170.9000 172.0782 173.6068 178.6000 183.7000 187.8000 189.0121 188.3046 188.6961 186.5268
230.7323 229.2588 229.0749 225.9097 225.1089 221.9024 217.9135 215.4222 212.4896 207.9045 205.3885 203.2184 199.7904 198.9457 195.5057 195.9376 198.6572 196.2370 193.9982 191.7051 189.8586 186.9507 182.8699 181.0458 177.8172 175.2618 174.9836 175.4138 174.9214 173.6275 164.3517 159.2366 158.5142 158.5959 155.4068 151.1059 146.3428 155.4514 146.4715 154.2015 167.3792 166.7324 165.2744 165.0829 166.8278 167.3227 166.9079 165.9114 165.1467 168.7353 169.8620 170.8705 174.0476 175.1789 175.0575 175.1997 176.1871 175.5538 183.2000 187.2000 189.5000 191.5000 187.3384 186.4329
232.3425 236.7910 230.3052 226.6978 224.3070 220.9477 218.8548 216.1954 212.1901 208.7879 205.9200 206.1642 203.8009 201.6029 197.3299 200.8932 199.8014 197.4905 194.2090 188.0794 185.1265 184.2856 179.0860 176.5499 172.9436 170.9360 168.7750 169.5123 170.9366 170.2445 165.0848 161.7608 161.0507 154.3983 153.3817 160.1517 158.5835 153.7382 173.4328 167.3262 170.3662 171.3760 169.5829 167.3966 171.2312 172.3800 170.8382 166.5674 172.2756 174.6891 175.4356 180.9000 185.7000 184.2254 182.3020 178.3737 176.8676 179.5000 183.7000 185.5000 189.8000 190.9000 186.2551 186.7316
