example_data/selke/layers/pt_top.asc
ncols 206
nrows 204
xllcorner 4432837.5
yllcorner 5724937.5
cellsize 200.0
NODATA_value -9999.0
[rows 0 to 27 of 204, columns 0 to 63 of 206]
103.1000 99.6000 100.4000 98.1000 97.2000 92.0000 85.8000 84.1000 84.2000 84.3000 84.2000 83.9000 84.0000 83.9000 84.2000 83.9000 84.1000 84.1000 84.3000 84.9000 84.5000 84.3000 86.0000 84.3000 83.7000 83.8000 83.9000 83.2000 83.1000 81.8000 82.4000 82.0000 82.6000 82.6000 82.7000 82.7000 82.6000 81.4000 81.3000 80.9000 80.0000 79.9000 79.7000 79.8000 79.8000 79.7000 79.6000 79.7000 79.9000 80.0000 79.8000 79.3000 79.3000 79.1000 78.7000 78.7000 78.0000 79.5000 78.7000 79.4000 80.0000 79.7000 79.2000 78.8000
108.1000 102.8000 103.4000 100.6000 100.2000 91.6000 85.8000 85.0000 83.7000 84.6000 84.6000 84.6000 84.3000 84.4000 84.6000 84.3000 84.4000 84.8000 85.6000 86.1000 86.3000 86.4000 86.3000 85.0000 86.1000 86.9000 85.5000 85.7000 85.3000 87.7000 86.5000 86.1000 85.8000 84.5000 89.4000 85.6000 86.7000 86.1000 84.1000 83.6000 82.5000 80.6000 80.3000 80.1000 80.2000 80.0000 79.8000 79.8000 79.8000 80.2000 80.7000 79.7000 79.5000 79.3000 79.7000 79.5000 79.4000 78.8000 78.8000 79.4000 78.8000 78.7000 78.5000 78.7000
105.4000 109.2000 106.4000 102.2000 99.0000 92.8000 87.0000 85.5000 85.8000 85.7000 85.6000 85.1000 85.0000 84.7000 84.7000 85.8000 85.9000 85.8000 86.3000 87.3000 88.0000 87.8000 87.6000 88.0000 88.3000 91.0000 93.1000 90.5000 87.7000 89.2000 94.6000 95.6000 95.0000 88.9000 88.9000 94.4000 89.0000 89.3000 87.7000 86.7000 86.2000 85.0000 83.5000 80.6000 80.1000 80.1000 80.0000 79.9000 80.0000 80.1000 80.9000 80.7000 79.7000 79.7000 79.6000 79.6000 79.8000 79.5000 79.4000 79.0000 78.5000 78.7000 78.5000 78.6000
98.3000 101.5000 105.5000 103.1000 96.4000 91.8000 88.0000 86.2000 86.4000 86.1000 86.3000 85.7000 86.0000 85.8000 85.4000 86.6000 88.3000 88.4000 88.7000 88.8000 88.8000 89.5000 89.6000 88.4000 89.1000 91.2000 95.6000 95.5000 93.2000 90.9000 92.8000 96.7000 97.0000 94.1000 89.5000 95.1000 92.8000 92.6000 94.9000 95.6000 94.3000 94.7000 91.2000 85.5000 82.2000 80.8000 80.9000 81.4000 80.6000 80.4000 80.5000 80.9000 80.2000 80.0000 79.8000 79.6000 79.9000 79.6000 79.5000 78.6000 79.3000 78.5000 78.5000 79.0000
95.2000 97.4000 94.9000 90.6000 89.7000 89.2000 88.2000 87.7000 87.4000 87.4000 86.3000 86.5000 86.4000 86.4000 86.0000 86.5000 87.4000 87.0000 88.2000 89.5000 92.8000 89.4000 89.4000 90.4000 89.8000 93.4000 94.8000 96.6000 96.9000 96.1000 95.0000 96.6000 98.3000 96.2000 92.8000 95.4000 97.8000 94.5000 93.9000 96.0000 97.8000 97.5000 98.2000 95.2000 86.2000 82.0000 80.9000 81.5000 80.7000 80.7000 80.4000 80.7000 80.8000 80.5000 79.9000 79.8000 79.9000 79.8000 79.3000 79.5000 79.3000 79.7000 79.1000 79.5000
93.6000 97.6000 94.4000 93.7000 93.9000 91.8000 89.4000 88.7000 87.5000 87.4000 87.0000 87.3000 86.9000 87.0000 87.2000 87.3000 87.2000 88.4000 90.4000 92.8000 90.6000 92.6000 92.3000 90.8000 91.8000 92.1000 96.7000 98.0000 98.5000 98.7000 98.4000 99.0000 100.0000 101.5000 96.7000 96.4000 100.5000 99.1000 97.4000 97.6000 98.7000 99.2000 98.5000 97.8000 94.4000 86.7000 81.7000 81.4000 81.2000 80.8000 80.7000 81.0000 80.7000 80.9000 80.9000 80.0000 79.9000 80.1000 79.6000 79.5000 79.5000 79.8000 79.4000 79.5000
101.2000 105.8000 109.9000 112.5000 108.2000 96.6000 91.6000 88.8000 87.8000 88.0000 87.5000 87.7000 87.9000 87.5000 87.7000 87.8000 88.3000 89.0000 89.5000 89.7000 91.5000 94.2000 93.6000 96.3000 95.4000 93.9000 97.5000 98.6000 99.0000 100.2000 100.5000 101.8000 104.0000 106.6000 103.1000 98.9000 97.2000 98.4000 98.8000 100.7000 105.7000 99.9000 95.9000 93.5000 91.3000 87.3000 83.5000 82.6000 81.8000 81.3000 81.0000 81.0000 81.2000 80.9000 81.4000 81.0000 80.5000 80.7000 79.8000 80.0000 79.8000 79.8000 79.5000 79.7000
112.5000 117.7000 118.8000 115.1000 108.0000 99.7000 97.4000 97.7000 96.6000 89.2000 88.6000 88.1000 88.5000 88.0000 88.8000 88.2000 90.8000 89.2000 89.0000 92.8000 93.3000 94.6000 97.6000 97.9000 97.3000 97.2000 94.7000 97.6000 99.9000 101.1000 101.8000 103.0000 106.3000 110.1000 108.3000 106.5000 103.6000 101.5000 101.0000 101.9000 106.0000 104.2000 99.2000 95.0000 89.2000 87.1000 85.6000 83.8000 82.5000 81.4000 81.3000 80.9000 81.0000 81.1000 81.3000 81.6000 81.0000 80.5000 80.5000 80.3000 80.3000 79.9000 79.7000 79.5000
121.2000 121.3000 114.7000 100.6000 96.4000 94.3000 91.7000 91.8000 89.2000 89.4000 89.4000 90.0000 90.7000 91.1000 90.1000 89.3000 89.5000 89.6000 91.4000 92.2000 95.0000 96.2000 97.5000 99.0000 99.1000 99.3000 97.0000 97.6000 100.8000 101.9000 103.0000 106.0000 108.8000 110.2000 109.8000 107.8000 106.3000 103.3000 103.1000 105.9000 107.9000 105.1000 102.6000 96.6000 89.7000 86.9000 85.1000 83.5000 82.7000 81.8000 81.5000 81.3000 81.2000 81.5000 81.4000 81.9000 81.2000 80.9000 80.6000 80.5000 80.3000 79.9000 79.8000 79.7000
101.4000 98.0000 95.7000 93.9000 92.9000 93.6000 91.6000 92.0000 92.7000 92.3000 93.4000 96.1000 96.5000 93.4000 91.0000 91.6000 90.5000 91.3000 92.0000 92.4000 93.2000 94.8000 97.8000 99.8000 99.6000 100.2000 100.2000 100.5000 100.2000 100.5000 103.6000 106.6000 109.6000 109.8000 109.0000 106.7000 105.5000 105.5000 109.4000 110.6000 109.5000 106.7000 105.0000 96.6000 91.2000 88.4000 86.5000 83.8000 82.2000 81.7000 81.7000 82.0000 82.1000 81.6000 81.0000 81.7000 81.4000 81.0000 80.8000 80.3000 80.3000 80.3000 80.0000 39.2652
95.6000 95.2000 94.7000 94.1000 93.7000 93.5000 95.1000 98.3000 100.4000 98.4000 98.5000 98.4000 99.6000 97.4000 92.5000 95.2000 97.1000 95.8000 93.5000 94.9000 93.8000 97.1000 96.9000 98.3000 100.4000 101.6000 102.3000 102.6000 103.4000 103.2000 102.4000 106.3000 109.7000 110.4000 110.6000 109.3000 107.4000 105.5000 105.6000 106.4000 107.1000 107.3000 107.5000 102.0000 98.6000 94.0000 89.5000 85.6000 83.7000 82.8000 82.4000 82.4000 82.6000 82.2000 81.8000 80.9000 81.1000 81.0000 81.0000 80.4000 80.4000 80.3000 80.3000 25.4998
96.4000 96.5000 96.3000 95.9000 97.5000 98.7000 101.9000 102.5000 102.0000 101.2000 102.0000 102.0000 101.4000 97.6000 95.1000 94.0000 98.4000 98.9000 99.3000 99.1000 96.8000 95.3000 96.2000 98.0000 100.9000 101.2000 103.2000 104.2000 105.2000 105.6000 104.4000 105.7000 109.6000 112.2000 114.2000 112.9000 109.3000 106.5000 106.6000 106.4000 107.2000 107.9000 109.1000 104.3000 104.0000 99.5000 99.6000 95.6000 88.1000 83.8000 82.6000 82.9000 82.6000 82.8000 81.7000 81.3000 81.3000 81.0000 81.3000 80.8000 80.4000 80.2000 80.7000 28.0531
97.5000 97.5000 102.4000 103.8000 103.6000 102.8000 102.0000 102.8000 102.7000 101.7000 100.9000 99.9000 98.7000 96.9000 95.5000 95.6000 98.3000 98.9000 100.0000 100.8000 100.0000 100.0000 98.3000 101.5000 102.4000 103.8000 104.4000 105.2000 106.2000 106.8000 105.2000 107.5000 109.0000 110.4000 112.0000 112.3000 110.5000 108.8000 107.9000 107.7000 108.0000 106.3000 102.8000 99.5000 98.1000 94.8000 92.9000 94.2000 91.0000 87.5000 83.4000 83.0000 82.7000 83.0000 82.2000 81.7000 81.8000 81.3000 81.2000 81.1000 80.9000 80.8000 80.7000 31.8750
99.3000 99.0000 101.1000 103.4000 103.6000 103.9000 103.9000 103.4000 103.1000 102.7000 101.7000 100.5000 99.1000 98.2000 97.4000 97.1000 100.3000 101.8000 102.8000 103.1000 103.4000 103.3000 101.5000 103.8000 105.7000 106.8000 107.2000 107.2000 107.2000 108.5000 106.8000 108.1000 108.4000 110.8000 111.3000 110.6000 113.8000 114.3000 111.9000 107.2000 108.1000 102.9000 98.4000 95.3000 93.5000 92.8000 90.1000 87.2000 85.5000 84.4000 83.8000 83.0000 83.2000 82.4000 81.9000 82.3000 82.4000 81.9000 81.9000 80.9000 81.3000 81.2000 36.9599 40.4201
100.6000 100.1000 100.1000 101.6000 105.5000 105.9000 106.1000 106.0000 105.9000 105.6000 104.3000 103.6000 102.5000 101.1000 101.4000 99.7000 100.5000 103.3000 104.2000 104.8000 104.8000 104.0000 103.1000 105.6000 108.1000 108.7000 108.8000 108.5000 108.2000 109.2000 108.3000 110.4000 111.1000 110.2000 109.9000 110.5000 115.6000 114.2000 110.8000 106.5000 101.9000 100.8000 99.7000 94.9000 91.4000 89.5000 88.6000 88.0000 86.2000 85.3000 83.8000 83.3000 83.0000 83.0000 82.5000 82.8000 82.6000 82.3000 81.7000 81.7000 81.5000 81.1000 40.0020 38.5846
102.8000 102.4000 101.8000 102.2000 105.4000 108.0000 108.3000 108.4000 108.4000 107.5000 106.6000 105.8000 105.1000 104.5000 104.2000 102.5000 102.5000 103.8000 105.7000 106.6000 107.1000 105.8000 106.4000 106.1000 108.4000 109.9000 110.0000 109.7000 110.5000 110.7000 111.3000 110.9000 113.3000 112.6000 111.7000 112.0000 114.1000 118.2000 114.9000 107.6000 102.7000 99.8000 95.2000 92.8000 90.9000 88.6000 87.3000 86.7000 85.6000 84.5000 83.7000 83.7000 83.3000 83.2000 83.1000 83.5000 83.2000 82.5000 81.9000 81.9000 82.2000 81.8000 41.8968 41.0013
104.8000 103.8000 103.4000 104.0000 108.7000 110.0000 110.1000 110.4000 111.2000 110.9000 110.1000 108.5000 107.9000 107.5000 107.0000 104.7000 105.6000 107.2000 107.4000 108.5000 109.3000 107.9000 109.0000 109.8000 108.6000 109.4000 110.0000 111.3000 112.0000 113.0000 113.4000 113.8000 114.3000 114.2000 113.6000 114.7000 116.4000 115.3000 111.4000 106.5000 102.7000 99.8000 98.0000 98.3000 96.0000 92.7000 92.1000 89.2000 85.6000 84.3000 83.9000 83.4000 83.7000 82.5000 82.6000 82.4000 83.4000 82.1000 81.5000 82.0000 81.4000 81.1000 46.0793 45.9353
107.9000 107.1000 106.6000 106.3000 107.1000 111.2000 113.5000 116.1000 117.5000 119.4000 117.4000 114.2000 111.8000 109.4000 108.1000 107.5000 109.2000 109.1000 109.5000 110.6000 111.1000 110.6000 111.0000 112.2000 112.0000 111.7000 112.0000 112.5000 113.9000 114.6000 115.6000 116.1000 116.4000 116.7000 116.3000 121.9000 119.4000 117.8000 114.8000 108.2000 104.7000 102.1000 99.2000 97.8000 95.7000 94.9000 90.7000 90.3000 86.0000 84.4000 84.3000 83.6000 83.4000 82.8000 82.7000 82.2000 82.4000 82.6000 81.7000 81.9000 50.6231 49.1645 52.3956 50.0639
113.6000 111.9000 110.7000 109.0000 108.7000 109.6000 114.1000 128.7000 134.5000 134.0000 127.1000 119.1000 114.6000 112.1000 111.3000 111.0000 111.9000 111.8000 112.4000 113.0000 113.3000 112.9000 113.9000 114.3000 114.4000 114.0000 114.7000 114.9000 115.9000 116.6000 118.1000 118.5000 119.1000 119.6000 119.4000 121.4000 125.5000 123.6000 118.5000 113.1000 107.5000 105.1000 106.6000 102.7000 100.5000 97.0000 93.9000 90.0000 87.3000 84.8000 84.0000 83.4000 82.6000 83.2000 82.8000 82.4000 82.3000 82.1000 82.2000 54.0797 50.9032 51.8016 54.9858 56.6443
118.1000 115.8000 113.3000 112.1000 112.7000 113.9000 114.4000 119.2000 129.4000 125.2000 121.7000 118.4000 116.3000 115.1000 114.8000 113.5000 114.8000 115.3000 116.1000 116.3000 116.4000 116.1000 116.5000 117.4000 117.2000 116.9000 116.9000 118.5000 118.7000 118.7000 119.7000 121.2000 122.0000 122.5000 124.5000 126.1000 126.2000 120.7000 121.6000 117.4000 112.3000 110.6000 107.3000 106.1000 109.3000 107.5000 104.0000 101.0000 94.3000 86.7000 84.3000 83.5000 83.0000 82.8000 82.8000 82.3000 82.4000 82.4000 60.8075 56.8446 54.4912 55.3821 58.7485 61.9381
121.5000 119.9000 119.2000 118.9000 116.7000 116.5000 117.3000 116.2000 117.4000 120.4000 118.6000 119.8000 119.5000 119.8000 119.3000 118.8000 120.0000 120.0000 121.5000 120.8000 120.4000 120.6000 120.9000 122.0000 122.3000 121.6000 120.9000 121.7000 122.0000 122.4000 122.1000 124.1000 127.1000 127.4000 130.0000 128.5000 127.1000 127.8000 126.0000 118.4000 112.3000 108.8000 107.5000 107.0000 103.0000 102.0000 102.5000 101.2000 101.3000 92.8000 84.0000 83.5000 83.1000 83.0000 82.7000 83.1000 82.5000 67.9284 63.9863 61.5555 59.0296 59.9992 62.2359 65.6384
127.4000 125.4000 124.8000 124.3000 123.2000 123.2000 123.2000 121.5000 122.6000 122.2000 123.5000 125.6000 125.6000 124.6000 124.4000 124.9000 127.4000 127.4000 128.4000 128.8000 126.3000 126.5000 125.5000 127.1000 128.4000 126.7000 125.5000 126.4000 127.0000 127.7000 127.3000 129.1000 134.7000 133.1000 135.4000 135.6000 133.5000 131.2000 125.9000 116.6000 112.9000 110.2000 108.7000 109.4000 106.0000 101.4000 95.4000 94.3000 93.8000 85.7000 83.6000 83.0000 83.5000 83.3000 83.0000 82.8000 72.1941 69.2316 70.2130 69.1657 68.8571 68.3255 64.0498 65.6736
135.4000 135.8000 136.0000 134.8000 135.0000 137.2000 135.4000 132.2000 134.4000 137.0000 134.7000 134.0000 133.2000 134.7000 135.9000 136.2000 136.7000 137.5000 137.7000 137.4000 135.9000 136.8000 136.4000 137.3000 136.5000 136.3000 137.3000 134.5000 133.8000 132.8000 131.7000 130.8000 133.3000 134.3000 134.5000 137.5000 134.1000 128.2000 122.2000 116.7000 113.7000 111.0000 111.7000 111.3000 108.6000 104.0000 97.0000 89.2000 86.0000 83.5000 83.3000 83.5000 83.3000 83.2000 83.4000 76.7277 73.6567 73.6940 75.4005 71.1791 68.7828 77.6456 84.9400 94.1000
146.8000 148.6000 150.7000 149.8000 152.0000 151.0000 150.4000 150.3000 146.0000 152.5000 148.2000 149.2000 138.1000 146.8000 151.9000 151.5000 152.7000 154.0000 153.6000 155.4000 154.7000 152.5000 152.1000 153.9000 151.7000 148.8000 148.6000 146.7000 144.8000 145.0000 143.0000 139.6000 138.3000 139.7000 137.7000 139.3000 134.9000 130.6000 127.4000 119.9000 114.8000 112.4000 111.1000 111.9000 107.6000 102.4000 98.6000 88.5000 84.5000 83.9000 83.6000 83.6000 85.2000 83.9000 79.3039 76.6725 76.7097 76.7909 77.3586 85.2836 83.7494 87.8000 91.4000 91.1000
164.2000 166.9000 165.1000 168.9000 174.0000 172.6000 171.5000 173.6000 163.2000 173.8000 171.0000 167.8000 149.2000 177.4000 179.6000 179.0000 179.2000 178.2000 177.0000 178.8000 179.8000 176.8000 175.6000 173.0000 173.9000 168.6000 166.9000 166.2000 163.2000 164.3000 162.3000 155.9000 151.2000 147.3000 141.9000 139.1000 133.7000 130.2000 130.7000 121.7000 112.3000 109.4000 109.4000 107.2000 105.9000 100.0000 90.8000 85.7000 84.5000 84.1000 83.7000 83.7000 84.0000 83.9000 78.1444 78.1279 77.3777 78.2161 85.4491 84.7153 87.4000 86.9000 86.0000 86.8000
184.7000 191.8000 190.2000 192.7000 195.3000 196.0000 192.2000 192.5000 193.3000 187.7000 188.8000 167.5000 174.6000 196.5000 196.7000 196.8000 197.6000 195.2000 194.7000 196.9000 195.3000 192.4000 190.1000 187.9000 189.5000 187.0000 186.4000 184.3000 181.5000 178.1000 175.8000 169.9000 159.7000 152.2000 144.5000 137.2000 132.2000 128.2000 125.4000 115.5000 107.3000 103.5000 100.8000 99.2000 93.6000 91.4000 87.6000 85.6000 85.2000 84.3000 84.1000 84.4000 84.5000 84.3000 80.4455 80.7727 79.0892 82.0006 84.4465 87.6000 90.0000 91.6000 93.4000 89.7000
212.2000 216.4000 216.9000 216.3000 215.5000 217.4000 216.1000 210.2000 211.4000 202.0000 198.2000 177.8000 160.4000 185.7000 191.2000 192.8000 190.5000 189.8000 189.9000 187.3000 190.9000 192.4000 187.5000 186.3000 187.9000 187.2000 184.9000 181.3000 180.3000 177.8000 174.1000 169.3000 159.0000 146.7000 134.1000 132.9000 134.8000 129.2000 122.1000 108.7000 101.5000 96.5000 92.5000 90.9000 88.4000 86.7000 86.2000 86.1000 84.7000 84.8000 84.7000 84.7000 84.7000 84.8000 81.0939 80.1928 80.0939 88.1166 92.0000 88.2000 88.7000 90.1000 94.2000 96.2000
228.9000 231.7000 231.4000 227.8000 226.8000 221.9000 218.3000 213.9000 201.7000 188.7000 165.4000 165.6000 185.7000 196.0000 193.4000 195.4000 191.3000 187.7000 181.0000 184.4000 186.3000 186.1000 185.2000 177.9000 184.1000 181.0000 175.1000 167.2000 163.0000 161.0000 156.2000 151.0000 146.5000 134.8000 125.8000 125.8000 129.0000 126.0000 118.4000 109.1000 101.1000 96.7000 92.4000 89.1000 87.4000 87.2000 86.4000 85.6000 84.8000 85.1000 84.7000 84.6000 84.4000 84.7000 83.8000 77.8430 86.1701 86.7976 85.4838 87.6651 89.4000 89.1000 90.1000 89.8178
