example_data/selke/layers/pt_top.asc
ncols 206
nrows 204
xllcorner 4432837.5
yllcorner 5724937.5
cellsize 200.0
NODATA_value -9999.0
[rows 84 to 111 of 204, columns 128 to 191 of 206]
152.3048 144.9030 143.3668 134.4069 147.1683 149.5836 148.8387 148.8349 154.0424 154.1936 153.8678 151.9648 150.2986 147.6751 142.4152 137.1060 133.5652 130.5146 117.6348 118.1242 128.1705 126.8366 122.0776 121.6957 118.8605 112.3070 111.1000 123.5651 124.5785 94.9088 103.2338 106.2960 104.6137 103.3000 94.4629 93.0933 89.1614 87.0057 80.6291 74.7744 70.6561 69.2365 61.9011 40.6730 37.0531 25.1599 19.9030 55.2908 66.2000 65.9000 67.3000 72.3000 72.0000 72.4000 71.9000 72.3000 75.5000 76.6000 78.5000 80.5000 84.7000 84.1000 83.1000 79.8000
160.4972 158.1000 154.8625 147.7407 146.0000 153.2000 155.2796 152.2917 152.6339 154.4289 154.1614 154.6274 151.6852 152.1225 147.3620 142.8339 138.0475 128.0489 128.8450 130.0962 128.0970 123.8619 127.1526 124.6209 119.0814 121.1000 127.7051 129.3981 129.3181 130.6742 131.4770 104.7145 105.1113 103.5676 102.8983 102.0547 109.5817 98.5430 82.9497 84.4109 76.9507 72.9232 72.0762 68.6953 61.1275 60.8110 58.1000 56.7842 64.3000 65.4000 67.0000 74.1000 74.7000 73.9000 72.5000 71.6000 73.5000 75.3000 79.9000 81.4000 82.4000 82.0000 82.7000 83.5000
165.0889 163.4121 159.7303 153.4282 153.8000 160.0562 160.5403 159.5328 156.7291 157.9475 158.9337 159.0344 158.3237 155.3630 150.5744 139.8042 137.1991 133.7319 135.6714 137.0876 135.8440 132.2984 126.8565 131.7905 130.1000 124.9320 127.7373 131.5000 130.7329 130.8389 129.9797 128.9388 129.0508 129.9496 125.9193 121.8450 116.2993 110.6363 101.6292 101.7438 77.9972 77.6073 73.9871 71.2759 66.6512 65.4046 61.1901 55.4371 55.6543 56.2998 66.5000 74.0000 74.1000 73.0000 73.7000 73.4000 72.0000 72.8000 74.8000 77.5000 79.9000 82.9000 83.1000 84.6000
169.8136 168.9668 166.1669 156.1818 163.6000 165.8000 166.0026 165.4252 164.4000 163.9706 164.4902 163.2860 161.6289 159.3396 154.7159 151.5726 147.1140 141.6400 141.7992 143.0579 146.5365 144.5683 148.2000 144.7000 131.7000 119.9000 142.8000 133.0093 136.7077 132.9126 130.8204 132.3179 132.2884 129.4564 129.0697 129.0382 121.6978 116.9887 113.9729 108.8195 100.0547 76.2497 78.1549 72.6070 68.5548 66.2156 63.4421 60.0020 56.0508 57.1943 56.4649 73.6000 73.3000 71.9000 73.3000 74.2000 71.5000 71.1000 73.7000 76.4000 80.8000 81.7000 82.0000 81.6000
172.6181 168.7598 163.7564 167.2699 167.9231 170.1000 170.7901 171.6855 171.3486 170.3741 168.4874 169.3804 167.8590 165.1120 162.9442 159.2915 156.0937 151.9239 154.4302 154.7504 151.3245 153.8551 155.3000 147.2000 155.5000 151.3000 151.3000 146.4856 141.2171 136.2932 132.0170 132.1442 133.1499 132.2853 132.4876 131.9504 123.6459 120.1476 117.1261 112.0857 105.8648 96.0898 74.4284 73.5234 70.3464 67.2141 65.5331 61.2092 56.3603 54.3772 57.8234 56.6488 71.3000 71.0000 70.3000 71.6000 71.3000 70.6000 70.9000 74.4000 77.7000 78.4000 78.6000 83.5000
173.2231 170.4395 169.7496 170.5280 170.7052 172.8716 175.5607 174.3500 173.7918 171.8637 172.7487 173.1678 173.2648 171.6920 170.0108 167.9803 163.7733 160.8202 161.9139 160.4089 160.3270 157.2321 159.3000 155.2000 159.1441 157.0523 153.9866 150.5159 144.7323 144.7000 143.6000 142.2000 131.6162 129.4134 128.0990 129.4167 125.7063 118.3621 103.3000 111.2765 108.1836 91.8000 89.8353 72.0409 70.4808 68.1452 65.6248 61.4399 58.0434 54.0935 53.5842 58.5388 67.9000 68.2000 68.8000 69.8000 70.2000 70.0000 70.7000 73.3000 78.7000 77.7000 77.3000 76.2000
174.5134 172.1039 170.7969 171.9516 172.7387 175.0214 177.0089 174.9255 173.7790 174.4050 174.7763 174.4345 174.7555 175.6383 173.8152 169.7860 168.9412 167.6187 167.9313 165.2282 164.2451 162.0638 158.1968 160.6000 163.3716 163.1181 159.7472 156.0884 150.3080 144.5087 144.3000 142.0000 140.1000 129.7581 131.7621 121.7394 121.1000 112.9000 115.9000 114.2433 109.3210 102.4404 94.7555 82.3156 71.1527 72.0600 63.6899 60.6280 59.1379 54.3447 53.0168 52.9145 54.2592 67.6000 67.8000 70.1000 68.5000 68.7000 69.7000 72.3000 74.7000 77.2000 72.1000 72.2000
174.6437 171.8615 170.4366 172.3444 173.4138 173.7917 175.4790 175.7833 175.8273 175.4611 176.0080 175.9164 175.7020 175.7143 175.0022 172.2853 171.3163 170.7825 169.5625 167.7505 168.4137 166.2592 163.8000 165.6115 165.2234 163.8299 160.3058 157.4369 153.4867 147.7193 149.1000 147.3000 145.7000 141.8879 133.2794 123.9790 131.2701 123.2843 105.1000 116.7098 113.4095 107.1207 98.3747 88.6325 78.5843 66.8579 65.8239 61.8598 59.2817 55.1001 53.4904 52.7818 53.8239 53.2370 54.3956 65.0000 65.9000 68.6000 68.9000 68.7000 71.0000 71.7000 72.4000 72.5000
175.1487 172.3587 169.8669 172.3875 173.7802 174.6041 175.3470 175.2403 175.9109 176.2268 176.3997 176.9188 176.2878 175.7946 175.2556 173.3243 173.7504 172.6291 170.7448 169.7207 168.8687 170.8315 169.9834 167.9978 166.2202 163.0741 160.0272 157.5959 154.8532 154.6669 154.8025 152.4650 149.5777 145.5773 140.6346 135.9843 133.9485 127.0946 122.0145 119.6874 111.6854 109.1247 101.3149 91.2969 81.2769 72.0531 62.9447 60.2400 59.5688 56.3935 54.7080 53.4158 54.0063 54.8962 54.5152 54.9342 56.3493 56.3141 57.5488 66.0000 66.5000 68.1000 68.8000 74.9000
174.4601 171.5877 170.6184 171.8923 173.9088 174.8918 175.2573 175.9478 176.3360 176.6880 176.7896 176.8618 176.8414 176.4142 175.6616 174.0220 175.5877 173.2635 173.1141 169.9605 173.4497 172.6267 170.6940 168.7900 167.5433 164.8137 164.8000 163.7398 160.6601 159.4735 157.0010 154.3981 151.3719 148.1204 143.7590 138.8022 138.2329 130.9163 126.0693 123.2207 115.2680 112.0622 104.0787 92.6583 81.6630 73.5733 68.8586 66.4744 58.9144 59.5450 56.7758 55.7936 56.1775 56.6280 56.5780 57.0405 56.5292 56.8934 55.5198 57.8465 57.8132 56.6730 56.2791 53.3800
172.7858 171.2948 171.0817 171.9844 173.2865 174.3394 174.7492 175.3589 175.9969 176.1633 176.9574 176.3811 176.3191 175.9455 175.6523 175.2606 175.7160 175.4568 174.0228 173.4403 174.4809 173.9729 173.3083 171.4566 170.7567 169.7916 168.7257 167.3880 165.1854 162.9184 159.6754 155.1923 152.6809 150.0584 146.5969 141.9422 139.3650 134.3510 128.1348 123.4791 116.4061 107.2512 98.9907 90.1661 84.3090 74.2359 68.0793 65.7614 65.8425 60.7847 61.5064 57.3827 58.1269 57.0859 58.3186 59.2441 58.8438 57.1629 57.4493 56.7185 57.2587 57.0422 55.7180 56.0771
170.9316 169.8824 170.2661 171.6303 173.0429 173.2163 174.1850 174.6835 174.3758 175.7837 175.9223 175.6054 176.1913 176.9078 176.8423 174.8074 175.0175 174.8187 175.9462 174.9969 175.1913 175.4926 176.0060 175.7199 173.8570 172.5055 171.5559 170.1272 167.0347 165.1705 162.2326 158.7389 154.7580 152.4426 148.4534 142.9797 141.6835 135.2097 130.0788 126.0274 118.4590 101.8340 96.4579 89.6964 82.2994 73.6459 69.2213 67.7916 66.2424 62.4136 62.4160 61.1464 61.2398 58.1932 57.2162 60.4993 62.0137 58.4700 57.7384 58.0091 58.2832 58.7026 58.7922 58.7771
169.1649 168.5343 170.0480 171.2696 172.5026 172.5518 173.2678 173.6830 174.2197 174.4015 174.9596 175.5570 176.2833 176.6536 177.5836 176.3099 175.6849 176.4312 176.7310 176.8887 178.4131 177.4846 178.0910 176.4665 174.7937 173.4191 171.8380 170.8021 168.6044 166.7412 163.7477 160.4321 157.7688 151.5353 146.9592 142.3184 140.9214 136.1491 131.0630 124.9048 118.6806 101.4776 92.9946 89.1241 82.6663 76.1745 69.1264 67.9475 65.0604 62.3696 62.2876 61.5545 62.6614 61.3804 63.5683 70.6000 71.8000 59.6527 58.1439 57.8388 59.5620 60.4401 60.6185 60.9703
164.5759 167.9586 170.0537 170.9233 170.8540 170.9026 171.1970 171.7742 171.7883 173.6403 173.9232 174.6217 176.7098 176.7965 176.6451 178.0187 178.8870 178.1211 177.9740 178.1884 179.2859 178.5229 177.7406 177.1151 174.7622 173.2179 171.5136 169.1409 166.9991 166.3730 164.9372 161.3369 157.4976 150.7841 143.3377 135.9693 129.1196 130.9039 123.1720 122.3128 113.0566 103.8610 94.6000 89.3783 82.6088 77.5270 73.5979 69.3929 66.8645 60.7122 62.0218 61.3710 59.6316 60.1374 61.6917 62.6935 64.9542 65.0180 64.9024 60.1596 61.1128 60.5019 60.8273 59.4084
166.5990 167.1327 168.4564 168.2567 168.8439 168.7788 169.1639 170.6331 171.5149 172.6101 173.4622 173.8527 174.5499 175.7326 177.7431 178.5210 179.4742 177.7088 178.2401 177.8531 177.8131 176.8950 177.1823 176.4669 174.8167 172.7827 172.0280 168.8133 166.4778 163.8107 160.9918 157.5551 151.4457 140.6739 130.0696 123.1965 122.4077 121.3676 116.0271 105.9796 103.7000 108.6000 110.3634 94.7257 90.4781 82.4591 77.8885 72.5648 66.5464 62.1746 63.1622 62.0915 60.4535 60.6740 61.6630 62.8467 63.6979 64.9357 64.1735 63.2498 61.6137 61.5628 61.1174 60.6187
163.8240 165.8166 162.4138 160.2526 162.8530 164.4332 167.7754 169.6881 171.1539 171.2100 173.3090 172.4033 173.5289 174.1716 176.4250 178.3612 177.8869 177.4314 176.2595 177.2173 176.5565 176.4151 175.8528 175.1952 175.0015 173.8496 171.1470 169.8578 167.9415 165.2443 162.2319 160.0435 154.2216 147.5333 143.2518 139.8006 138.5966 133.0849 127.1912 119.4740 105.7961 98.8300 94.0000 98.6000 93.3767 83.2285 73.0974 71.7938 69.8702 68.1661 69.5290 76.9000 78.9000 61.6714 62.6772 61.8374 62.4210 62.8213 64.8141 63.9626 62.7022 62.6827 61.9222 62.3189
158.7815 157.9249 157.1000 165.2626 164.9506 164.6089 166.1637 168.1868 168.4516 170.7882 171.2189 171.2942 172.3144 173.3708 174.4306 175.5957 175.9947 176.7419 177.1273 176.1608 176.5000 175.6940 176.1103 175.4836 175.0113 174.9438 172.5379 170.6205 168.4185 167.3760 163.3100 158.7241 152.8492 145.9994 147.1877 138.7266 129.3556 125.3267 125.5674 121.3673 118.4092 113.3122 104.5845 87.0352 83.1839 81.5000 77.0421 84.6230 80.0912 78.5762 73.4559 77.0000 91.9000 84.3000 62.7770 63.8162 62.2580 62.7299 62.8185 63.9311 62.5828 62.5036 62.2913 61.6747
153.6633 147.5000 161.1141 163.7823 165.1493 163.4500 163.7872 164.2214 165.9909 167.3157 168.0678 170.2341 171.3505 173.1852 173.1738 174.4420 175.6142 175.7293 175.5471 175.5464 177.1731 175.5960 175.3636 174.7439 175.0773 175.0953 173.0030 171.9380 170.0006 166.2048 162.5277 157.6334 151.8319 143.7054 126.8577 131.0000 133.1735 125.7379 111.3250 117.9587 114.6168 107.2802 101.7578 91.5453 88.7000 89.2488 83.2000 101.9309 96.0497 92.5864 82.7851 76.9100 92.8000 104.6000 89.6000 64.0393 64.2470 63.0850 63.1776 64.3144 63.9361 63.8976 63.7723 64.6077
144.1020 142.7091 151.5717 157.9133 159.8813 160.1710 161.0735 158.8834 164.1328 165.6581 167.9461 169.1295 171.6340 171.6184 172.2376 173.0396 174.2621 174.2225 173.1214 174.1140 174.7224 174.9843 175.1642 175.2821 173.4095 171.3796 169.9192 170.5047 167.1796 162.6564 156.9193 150.3749 148.4955 138.4992 134.7446 130.9457 127.3060 119.7604 107.9963 101.2119 97.9738 98.8000 100.1031 97.3000 102.6855 83.5714 89.8862 115.9000 99.0292 99.2933 87.7237 80.2149 80.9489 93.3000 95.3000 66.3829 65.8358 64.6714 64.1817 64.6656 64.3722 63.8841 63.9088 63.4478
128.0824 140.7065 148.6871 153.1866 154.1155 154.4325 154.3000 157.0563 162.3025 165.1674 165.8622 167.2378 168.3710 168.6502 171.5689 172.9245 172.5951 172.8899 171.6594 172.6063 172.8049 173.0276 174.3102 174.8764 173.8773 172.5710 169.8561 163.0475 161.2006 155.2176 149.5421 145.1181 142.3078 138.6092 133.3424 128.1353 123.5824 119.7645 116.3029 110.0105 105.4662 112.6279 115.0198 111.1625 95.6412 84.7938 85.2032 120.1000 105.6598 105.2855 92.2763 85.7219 85.3000 91.9000 97.2000 68.7247 69.0659 64.9250 64.8591 64.3359 65.2871 63.8963 64.7812 64.2423
132.4949 120.9371 146.9629 148.8173 148.8044 130.8181 148.9702 155.4287 157.9177 160.2668 160.6074 161.1520 165.6143 168.6697 170.7003 171.2684 169.6708 169.4478 167.3027 171.5667 172.3918 171.5469 171.1025 170.0820 171.0751 168.8540 165.2178 160.0666 155.3989 147.2696 142.7986 139.2834 137.2886 136.6529 130.9935 129.6185 123.1357 121.5618 122.1719 118.6672 108.5302 115.1000 115.4238 114.6513 98.0615 87.2445 89.4758 120.0000 111.9711 112.4006 104.2403 95.0398 89.5006 89.0000 95.9000 70.4392 71.2725 66.2814 65.0759 65.6440 65.4080 64.2887 65.9000 68.2312
105.4441 116.0591 129.7504 122.9254 133.2123 127.8736 133.2123 150.9670 154.0794 154.7029 150.0218 155.7000 162.6205 165.0279 166.8308 167.1539 165.2563 164.5280 160.2222 168.0047 169.8184 169.4870 165.4760 162.4434 163.3214 161.9888 158.9055 154.2438 149.0446 146.2480 139.9904 136.9209 133.9364 134.0255 127.2200 121.0622 119.4671 117.2724 119.4273 115.3399 118.1012 118.1513 118.1406 113.9053 106.7509 96.3892 97.6267 121.3000 116.7834 118.2272 109.6819 100.5357 93.4779 91.7000 99.4000 71.0112 70.9792 66.9044 65.7262 67.3257 67.1341 64.5441 64.3108 67.7527
24.2078 18.4808 113.4586 113.9454 130.6848 132.3444 143.4185 147.4556 149.8311 149.5451 148.1000 153.7380 157.9099 159.9795 161.2545 161.7596 160.7657 158.8963 155.4722 162.0053 163.7004 162.6978 160.6096 158.5997 156.5104 156.2146 152.6881 149.6933 146.3514 143.4505 138.4536 135.6211 133.3729 132.1455 127.7080 123.5742 121.1776 119.6131 118.4251 118.2205 120.0324 122.4969 119.6754 112.3039 97.8602 102.2000 109.3221 120.2000 118.6937 119.7223 111.7572 101.6777 95.7573 94.7988 101.0000 73.6943 70.7819 66.6098 67.1891 70.0178 66.8319 65.3648 65.5545 52.2130
-11.4888 -10.6950 8.7444 16.3334 106.2257 65.7651 136.9312 140.6823 142.2709 133.6300 143.5000 148.9936 151.1466 153.5069 155.3928 155.0869 153.9240 150.7270 150.7000 155.9336 155.5388 155.5689 155.6084 154.2973 150.5059 150.0224 148.2006 146.6741 144.3667 141.3652 137.7885 135.7963 132.0821 127.7817 128.8852 132.2217 131.6220 130.1453 123.0084 119.8124 118.9140 115.9014 113.9529 103.6752 104.8858 114.2000 116.7411 122.4000 116.5256 118.1316 106.9946 99.9029 95.1611 93.8190 104.9000 81.7170 71.2991 68.1320 64.5293 67.8893 66.7282 65.5476 65.6683 49.6941
-9.2330 -1.8406 -0.7403 13.5402 20.7793 1.3468 41.0027 130.1554 133.9341 128.3137 140.2718 143.4603 146.8687 148.4803 149.3699 150.2517 149.0642 145.2088 149.0753 150.8485 149.9751 150.5260 150.0450 149.6279 147.5351 144.7458 145.8419 144.7334 143.1256 140.6219 137.0638 133.8356 129.7961 126.3374 127.8439 129.4208 134.6502 132.6855 126.9042 121.3148 120.2500 117.1856 109.1175 108.9000 111.2050 119.3531 122.0301 118.4726 114.4187 111.7229 102.6166 95.5979 90.5387 88.7229 81.7832 79.3130 70.6885 67.8503 65.3066 65.5140 66.3694 66.0357 45.6965 42.3237
-0.8689 0.2273 4.8365 5.0688 9.4914 12.7785 108.8828 110.0992 127.0920 122.2091 133.3994 138.7926 142.2921 144.2166 145.0834 145.0610 146.0727 144.2000 145.4893 145.7418 146.1887 145.7262 146.7775 146.5550 145.7677 141.2870 143.1805 143.5675 142.2724 140.3897 136.2297 132.5992 131.7016 126.8258 127.2849 132.7252 134.7119 129.2220 125.6752 122.8269 118.7996 115.3999 106.9898 114.5145 119.6549 122.2254 120.9454 121.2232 113.8960 107.1200 100.9130 91.8183 88.7336 87.2483 81.9327 78.7051 76.7285 69.2142 67.3603 68.1836 65.7814 65.6344 44.0740 42.0379
-10.3225 0.4731 4.3457 8.1831 2.3729 1.6965 15.1499 114.8733 112.4287 124.1292 126.9232 133.4199 138.0432 142.2916 143.3237 141.1498 140.1525 138.6585 139.8624 141.6501 141.4453 142.5091 143.6615 144.0264 143.0653 139.8226 141.4987 140.9823 140.1885 136.9266 134.4993 133.8242 131.0816 127.1631 129.7778 132.6957 134.7047 134.3715 132.0051 126.6483 120.7816 118.4790 114.2664 118.2000 124.5698 122.2079 122.9662 117.8919 111.5272 100.5855 93.9106 88.8216 86.9431 87.3288 85.4547 82.9436 75.9252 70.2493 70.5481 71.1074 66.7211 65.4392 65.1317 46.1694
1.5991 7.0710 11.8270 8.3614 0.4366 -6.5434 15.5258 107.4507 114.8452 114.8066 129.5746 130.8420 130.6000 130.2000 135.5000 138.5467 137.2265 137.5937 134.2546 136.3095 139.7518 139.9704 141.0028 140.7590 139.7793 135.9966 139.1380 138.0084 135.6791 134.8715 134.2716 133.4371 132.3892 128.9460 129.3441 131.3203 134.6138 135.4285 134.7108 129.4041 125.7505 123.3505 120.2957 121.1662 122.2233 122.1031 121.8916 112.2025 103.6340 97.1999 90.5685 84.7834 81.0999 82.7415 83.5306 82.2341 74.1239 70.2390 70.0494 68.8569 67.9364 66.8164 65.5197 42.5448
