example_data/selke/layers/q_base.asc
ncols 206
nrows 204
xllcorner 4432837.5
yllcorner 5724937.5
cellsize 200.0
NODATA_value -9999.0
[rows 104 to 129 of 204, columns 118 to 176 of 206]
-9999.0000 -9999.0000 -9999.0000 119.4358 120.6294 117.1739 111.5112 112.7355 117.8873 125.9212 139.2168 144.7992 146.9629 148.8173 148.8044 130.8181 148.9702 155.4287 157.9177 160.2668 160.6074 161.1520 165.6143 168.6697 170.7003 171.2684 169.6708 169.4478 167.3027 171.5667 172.3918 171.5469 171.1025 170.0820 171.0751 168.8540 165.2178 160.0666 155.3989 147.2696 142.7986 139.2834 137.2886 136.6529 130.9935 129.6185 123.1357 121.5618 122.1719 118.6672 108.5302 115.1000 115.4238 114.6513 98.0615 87.2445 89.4758 -9999.0000 111.9711
-9999.0000 -9999.0000 -9999.0000 -9999.0000 -9999.0000 -9999.0000 107.3104 112.3907 113.1561 116.3761 119.6232 121.0991 139.7155 141.8513 133.2123 127.8736 133.2123 150.9670 154.0794 154.7029 150.0218 155.7000 162.6205 165.0279 166.8308 167.1539 165.2563 164.5280 160.2222 168.0047 169.8184 169.4870 165.4760 162.4434 163.3214 161.9888 158.9055 154.2438 149.0446 146.2480 139.9904 136.9209 133.9364 134.0255 127.2200 121.0622 119.4671 117.2724 119.4273 115.3399 118.1012 118.1513 118.1406 113.9053 106.7509 96.3892 97.6267 -9999.0000 116.7834
-9999.0000 -9999.0000 -9999.0000 -9999.0000 -9999.0000 -9999.0000 -9999.0000 -9999.0000 -9999.0000 33.0708 25.2078 19.4808 119.6722 114.9454 132.3052 132.3444 143.4185 147.4556 149.8311 149.5451 148.1000 153.7380 157.9099 159.9795 161.2545 161.7596 160.7657 158.8963 155.4722 162.0053 163.7004 162.6978 160.6096 158.5997 156.5104 156.2146 152.6881 149.6933 146.3514 143.4505 138.4536 135.6211 133.3729 132.1455 127.7080 123.5742 121.1776 119.6131 118.4251 118.2205 120.0324 122.4969 119.6754 112.3039 97.8602 102.2000 109.3221 -9999.0000 118.6937
-9999.0000 -9999.0000 -9999.0000 -9999.0000 -9999.0000 -9999.0000 -9999.0000 -9999.0000 -9999.0000 -9999.0000 -9999.0000 -9999.0000 -9999.0000 17.3334 107.2257 128.8872 136.9312 140.6823 142.2709 133.6300 143.5000 148.9936 151.1466 153.5069 155.3928 155.0869 153.9240 150.7270 150.7000 155.9336 155.5388 155.5689 155.6084 154.2973 150.5059 150.0224 148.2006 146.6741 144.3667 141.3652 137.7885 135.7963 132.0821 127.7817 128.8852 132.2217 131.6220 130.1453 123.0084 119.8124 118.9140 115.9014 113.9529 103.6752 104.8858 114.2000 116.7411 -9999.0000 116.5256
-9999.0000 -9999.0000 -9999.0000 -9999.0000 -9999.0000 -9999.0000 -9999.0000 -9999.0000 -9999.0000 -9999.0000 -9999.0000 -9999.0000 -9999.0000 -9999.0000 -9999.0000 18.9515 125.4671 130.1554 133.9341 128.3137 140.2718 143.4603 146.8687 148.4803 149.3699 150.2517 149.0642 145.2088 149.0753 150.8485 149.9751 150.5260 150.0450 149.6279 147.5351 144.7458 145.8419 144.7334 143.1256 140.6219 137.0638 133.8356 129.7961 126.3374 127.8439 129.4208 134.6502 132.6855 126.9042 121.3148 120.2500 117.1856 109.1175 108.9000 111.2050 119.3531 122.0301 118.4726 114.4187
-9999.0000 -9999.0000 -9999.0000 -9999.0000 -9999.0000 -9999.0000 -9999.0000 -9999.0000 -9999.0000 -9999.0000 -9999.0000 -9999.0000 -9999.0000 -9999.0000 -9999.0000 -9999.0000 115.3089 114.9772 127.0920 122.2091 133.3994 138.7926 142.2921 144.2166 145.0834 145.0610 146.0727 144.2000 145.4893 145.7418 146.1887 145.7262 146.7775 146.5550 145.7677 141.2870 143.1805 143.5675 142.2724 140.3897 136.2297 132.5992 131.7016 126.8258 127.2849 132.7252 134.7119 129.2220 125.6752 122.8269 118.7996 115.3999 106.9898 114.5145 119.6549 122.2254 120.9454 121.2232 113.8960
-9999.0000 -9999.0000 -9999.0000 -9999.0000 -9999.0000 -9999.0000 -9999.0000 -9999.0000 -9999.0000 -9999.0000 -9999.0000 -9999.0000 -9999.0000 -9999.0000 -9999.0000 -9999.0000 -9999.0000 115.8733 119.5809 124.1292 126.9232 133.4199 138.0432 142.2916 143.3237 141.1498 140.1525 138.6585 139.8624 141.6501 141.4453 142.5091 143.6615 144.0264 143.0653 139.8226 141.4987 140.9823 140.1885 136.9266 134.4993 133.8242 131.0816 127.1631 129.7778 132.6957 134.7047 134.3715 132.0051 126.6483 120.7816 118.4790 114.2664 118.2000 124.5698 122.2079 122.9662 117.8919 111.5272
-9999.0000 -9999.0000 -9999.0000 -9999.0000 -9999.0000 -9999.0000 -9999.0000 -9999.0000 -9999.0000 -9999.0000 -9999.0000 -9999.0000 -9999.0000 -9999.0000 -9999.0000 -9999.0000 -9999.0000 113.8937 115.9238 125.1580 129.5746 130.8420 130.6000 130.2000 135.5000 138.5467 137.2265 137.5937 134.2546 136.3095 139.7518 139.9704 141.0028 140.7590 139.7793 135.9966 139.1380 138.0084 135.6791 134.8715 134.2716 133.4371 132.3892 128.9460 129.3441 131.3203 134.6138 135.4285 134.7108 129.4041 125.7505 123.3505 120.2957 121.1662 122.2233 122.1031 121.8916 112.2025 103.6340
-9999.0000 -9999.0000 -9999.0000 -9999.0000 -9999.0000 -9999.0000 -9999.0000 -9999.0000 -9999.0000 -9999.0000 -9999.0000 -9999.0000 -9999.0000 -9999.0000 -9999.0000 -9999.0000 -9999.0000 110.5894 112.6995 122.7680 130.3118 129.7448 129.7987 131.6627 131.5355 131.9991 133.1831 132.8561 133.4263 133.3492 137.1000 138.2000 137.7328 134.7637 132.9924 137.4000 136.2261 132.2214 132.6305 129.6302 130.4291 130.9033 132.4663 130.4924 130.0970 128.2725 129.0582 128.7541 132.1313 133.2418 130.1124 128.1286 126.8910 128.8574 129.2957 125.3240 122.8834 110.4444 101.5347
-9999.0000 -9999.0000 -9999.0000 -9999.0000 -9999.0000 -9999.0000 -9999.0000 -9999.0000 -9999.0000 -9999.0000 -9999.0000 -9999.0000 -9999.0000 -9999.0000 -9999.0000 -9999.0000 -9999.0000 108.9317 112.5446 121.6051 128.9264 130.3994 127.7967 128.7896 128.2700 126.2795 126.6237 128.6352 130.3000 129.7883 131.8230 133.2426 132.4191 129.6048 130.9851 130.5702 130.0080 128.8399 134.4184 134.1274 133.3502 130.8436 131.3338 129.5390 128.6811 130.2062 129.9593 129.6608 129.0101 131.2853 133.7249 131.1665 131.4090 132.1523 132.9810 127.8684 122.7797 114.2322 99.3047
-9999.0000 -9999.0000 -9999.0000 -9999.0000 -9999.0000 -9999.0000 -9999.0000 -9999.0000 -9999.0000 -9999.0000 -9999.0000 -9999.0000 -9999.0000 -9999.0000 -9999.0000 -9999.0000 -9999.0000 -9999.0000 114.9212 121.4079 127.0385 131.5830 126.1884 126.5212 125.6357 124.0064 122.2660 124.5131 128.1076 128.2431 126.0009 123.3247 123.1146 126.5778 128.9071 128.1519 132.8333 135.3255 136.4231 136.2766 135.2325 135.6101 134.1325 131.0983 132.4909 133.2709 134.1836 131.3521 130.5806 132.3998 135.8513 132.5452 130.4227 130.6233 128.7544 125.3032 121.6228 117.8808 106.5431
-9999.0000 -9999.0000 -9999.0000 -9999.0000 -9999.0000 -9999.0000 -9999.0000 -9999.0000 -9999.0000 -9999.0000 -9999.0000 -9999.0000 -9999.0000 -9999.0000 -9999.0000 -9999.0000 -9999.0000 -9999.0000 119.2432 121.6498 123.4849 127.8899 127.6291 124.9759 122.5598 122.2222 121.2167 123.2506 125.7945 126.0077 125.6257 123.4647 128.6184 128.8304 130.3385 128.8703 132.2382 133.4103 135.2114 134.6347 134.4503 133.9507 133.1873 132.1874 134.4442 134.6866 133.3012 134.0555 133.7261 133.8380 137.5472 133.8906 130.0961 128.1324 122.9267 114.5771 110.8189 110.0537 101.8563
-9999.0000 -9999.0000 -9999.0000 -9999.0000 -9999.0000 -9999.0000 -9999.0000 -9999.0000 -9999.0000 -9999.0000 -9999.0000 -9999.0000 -9999.0000 -9999.0000 -9999.0000 -9999.0000 -9999.0000 -9999.0000 -9999.0000 -9999.0000 122.6334 124.8844 126.2316 125.0719 123.8070 119.3317 119.1849 116.6179 119.5945 120.7253 121.9497 122.5129 124.7192 124.8381 125.1762 127.7213 128.2341 131.2352 133.2890 134.1135 133.8061 134.6529 134.4464 134.4631 133.8385 134.8823 135.6731 136.5743 135.4367 136.3827 138.7549 136.0916 133.4359 129.2377 125.1970 118.9594 104.4881 94.1355 92.0823
-9999.0000 -9999.0000 -9999.0000 -9999.0000 -9999.0000 -9999.0000 -9999.0000 -9999.0000 -9999.0000 -9999.0000 -9999.0000 -9999.0000 -9999.0000 -9999.0000 -9999.0000 -9999.0000 -9999.0000 -9999.0000 -9999.0000 -9999.0000 121.1706 121.1463 124.3464 120.2484 117.8075 119.5146 119.0000 120.1770 123.3000 121.4792 121.7293 123.0606 127.4605 130.2473 131.6035 131.1786 132.1944 132.7106 133.7016 134.8392 135.9785 137.1201 135.1706 134.2493 134.3947 137.6100 140.0661 139.9485 140.6324 140.4489 141.2785 141.1893 137.2031 132.6964 122.0225 112.0865 111.8014 106.7774 100.4739
-9999.0000 -9999.0000 -9999.0000 -9999.0000 -9999.0000 -9999.0000 -9999.0000 -9999.0000 -9999.0000 -9999.0000 -9999.0000 -9999.0000 -9999.0000 -9999.0000 -9999.0000 -9999.0000 -9999.0000 -9999.0000 -9999.0000 -9999.0000 -9999.0000 112.7357 114.8479 115.6461 115.6082 -9999.0000 -9999.0000 -9999.0000 -9999.0000 -9999.0000 -9999.0000 -9999.0000 -9999.0000 134.9848 133.2504 131.7653 132.7586 134.8890 136.2153 138.5325 138.2100 -9999.0000 -9999.0000 -9999.0000 -9999.0000 -9999.0000 143.5900 143.7102 142.2632 141.4783 142.7618 143.1749 139.6298 134.0269 128.4715 120.3359 111.2545 104.8231 100.3701
-9999.0000 -9999.0000 -9999.0000 -9999.0000 -9999.0000 -9999.0000 -9999.0000 -9999.0000 -9999.0000 -9999.0000 -9999.0000 -9999.0000 -9999.0000 -9999.0000 -9999.0000 -9999.0000 -9999.0000 -9999.0000 -9999.0000 -9999.0000 -9999.0000 -9999.0000 114.8234 115.0777 -9999.0000 -9999.0000 -9999.0000 -9999.0000 -9999.0000 -9999.0000 -9999.0000 -9999.0000 -9999.0000 134.5796 135.3132 132.7887 133.6822 136.8636 140.6076 144.5796 -9999.0000 -9999.0000 -9999.0000 -9999.0000 -9999.0000 -9999.0000 -9999.0000 143.1878 142.4839 142.1678 142.6803 143.3061 137.1384 133.1586 129.6095 121.7385 112.0472 103.1224 95.6460
-9999.0000 -9999.0000 -9999.0000 -9999.0000 -9999.0000 -9999.0000 -9999.0000 -9999.0000 -9999.0000 -9999.0000 -9999.0000 -9999.0000 -9999.0000 -9999.0000 -9999.0000 -9999.0000 -9999.0000 -9999.0000 -9999.0000 -9999.0000 -9999.0000 -9999.0000 -9999.0000 -9999.0000 -9999.0000 -9999.0000 -9999.0000 -9999.0000 -9999.0000 -9999.0000 -9999.0000 -9999.0000 134.2000 135.2336 134.1161 135.0902 134.6062 137.0511 140.6836 -9999.0000 -9999.0000 -9999.0000 -9999.0000 -9999.0000 -9999.0000 -9999.0000 -9999.0000 -9999.0000 -9999.0000 -9999.0000 -9999.0000 -9999.0000 137.2023 135.2061 129.1982 121.2037 113.0245 106.7637 100.3222
-9999.0000 -9999.0000 -9999.0000 -9999.0000 -9999.0000 -9999.0000 -9999.0000 -9999.0000 -9999.0000 -9999.0000 -9999.0000 -9999.0000 -9999.0000 -9999.0000 -9999.0000 -9999.0000 -9999.0000 -9999.0000 -9999.0000 -9999.0000 -9999.0000 -9999.0000 -9999.0000 -9999.0000 -9999.0000 -9999.0000 -9999.0000 -9999.0000 -9999.0000 -9999.0000 135.6981 134.7867 136.1759 137.4744 138.0763 135.7609 -9999.0000 -9999.0000 -9999.0000 -9999.0000 -9999.0000 -9999.0000 -9999.0000 -9999.0000 -9999.0000 -9999.0000 -9999.0000 -9999.0000 -9999.0000 -9999.0000 -9999.0000 -9999.0000 -9999.0000 -9999.0000 128.5360 118.4572 110.4025 103.3360 99.9063
-9999.0000 -9999.0000 -9999.0000 -9999.0000 -9999.0000 -9999.0000 -9999.0000 -9999.0000 -9999.0000 -9999.0000 -9999.0000 -9999.0000 -9999.0000 -9999.0000 -9999.0000 -9999.0000 -9999.0000 -9999.0000 -9999.0000 -9999.0000 -9999.0000 -9999.0000 -9999.0000 -9999.0000 -9999.0000 -9999.0000 -9999.0000 -9999.0000 -9999.0000 135.2240 136.1357 136.1719 137.0617 139.9000 138.7501 -9999.0000 -9999.0000 -9999.0000 -9999.0000 -9999.0000 -9999.0000 -9999.0000 -9999.0000 -9999.0000 -9999.0000 -9999.0000 -9999.0000 -9999.0000 -9999.0000 -9999.0000 -9999.0000 -9999.0000 -9999.0000 -9999.0000 -9999.0000 -9999.0000 -9999.0000 103.0195 100.0353
-9999.0000 -9999.0000 -9999.0000 -9999.0000 -9999.0000 -9999.0000 -9999.0000 -9999.0000 -9999.0000 -9999.0000 -9999.0000 -9999.0000 -9999.0000 -9999.0000 -9999.0000 -9999.0000 -9999.0000 -9999.0000 -9999.0000 -9999.0000 -9999.0000 120.1280 122.0545 124.9152 126.8227 128.9948 129.9830 130.9089 132.2976 134.2000 135.3364 134.9604 136.5212 -9999.0000 -9999.0000 -9999.0000 -9999.0000 -9999.0000 -9999.0000 -9999.0000 -9999.0000 -9999.0000 -9999.0000 -9999.0000 -9999.0000 -9999.0000 -9999.0000 -9999.0000 -9999.0000 -9999.0000 -9999.0000 -9999.0000 -9999.0000 -9999.0000 -9999.0000 -9999.0000 -9999.0000 102.1976 101.4174
-9999.0000 -9999.0000 -9999.0000 -9999.0000 -9999.0000 -9999.0000 -9999.0000 -9999.0000 -9999.0000 -9999.0000 -9999.0000 -9999.0000 -9999.0000 -9999.0000 -9999.0000 -9999.0000 -9999.0000 -9999.0000 -9999.0000 -9999.0000 118.1335 117.8281 120.1720 124.2351 127.1968 129.0362 130.7515 130.1612 131.8139 133.0153 132.9050 133.4061 135.8075 136.0146 -9999.0000 -9999.0000 -9999.0000 -9999.0000 -9999.0000 -9999.0000 -9999.0000 -9999.0000 -9999.0000 -9999.0000 -9999.0000 -9999.0000 -9999.0000 -9999.0000 -9999.0000 -9999.0000 -9999.0000 -9999.0000 -9999.0000 -9999.0000 -9999.0000 -9999.0000 -9999.0000 107.2168 105.1400
-9999.0000 -9999.0000 -9999.0000 -9999.0000 -9999.0000 -9999.0000 -9999.0000 -9999.0000 -9999.0000 -9999.0000 -9999.0000 -9999.0000 -9999.0000 -9999.0000 -9999.0000 -9999.0000 -9999.0000 -9999.0000 -9999.0000 -9999.0000 112.5099 111.2580 117.5395 123.8617 125.1629 127.6754 128.3435 129.4988 131.1223 132.5781 133.1088 133.0000 134.9688 137.2675 138.8447 140.6898 142.6984 144.5891 146.3782 -9999.0000 -9999.0000 -9999.0000 -9999.0000 -9999.0000 -9999.0000 -9999.0000 151.5875 150.1844 150.1320 149.8704 148.9407 -9999.0000 -9999.0000 -9999.0000 -9999.0000 -9999.0000 113.3313 108.9786 104.4646
-9999.0000 -9999.0000 -9999.0000 -9999.0000 -9999.0000 -9999.0000 -9999.0000 -9999.0000 -9999.0000 -9999.0000 -9999.0000 -9999.0000 -9999.0000 -9999.0000 -9999.0000 -9999.0000 -9999.0000 -9999.0000 -9999.0000 -9999.0000 -9999.0000 106.9207 113.7231 122.7091 124.8604 126.4527 127.9926 -9999.0000 -9999.0000 -9999.0000 -9999.0000 -9999.0000 -9999.0000 136.8000 138.5096 140.7000 142.7000 144.5351 146.4294 148.1700 -9999.0000 -9999.0000 -9999.0000 -9999.0000 151.4376 152.7000 151.2552 150.6550 148.6430 151.0979 149.8702 145.8541 -9999.0000 -9999.0000 -9999.0000 -9999.0000 -9999.0000 -9999.0000 -9999.0000
-9999.0000 -9999.0000 -9999.0000 -9999.0000 -9999.0000 -9999.0000 -9999.0000 -9999.0000 -9999.0000 -9999.0000 -9999.0000 -9999.0000 -9999.0000 -9999.0000 -9999.0000 -9999.0000 -9999.0000 -9999.0000 -9999.0000 -9999.0000 -9999.0000 103.4129 104.5815 115.2266 122.5760 122.4662 -9999.0000 -9999.0000 -9999.0000 -9999.0000 -9999.0000 -9999.0000 -9999.0000 -9999.0000 136.8639 139.4000 142.6000 143.7945 145.7000 -9999.0000 -9999.0000 -9999.0000 149.2303 149.0933 150.7455 150.7150 150.5428 149.5210 149.2255 150.5000 148.9610 143.9950 143.2000 -9999.0000 -9999.0000 -9999.0000 -9999.0000 -9999.0000 -9999.0000
-9999.0000 -9999.0000 -9999.0000 -9999.0000 -9999.0000 -9999.0000 -9999.0000 -9999.0000 -9999.0000 -9999.0000 -9999.0000 -9999.0000 -9999.0000 -9999.0000 -9999.0000 -9999.0000 -9999.0000 -9999.0000 -9999.0000 -9999.0000 -9999.0000 -9999.0000 102.0199 103.3571 102.9850 103.7951 -9999.0000 -9999.0000 -9999.0000 -9999.0000 -9999.0000 -9999.0000 -9999.0000 -9999.0000 -9999.0000 142.0000 140.6809 142.6000 -9999.0000 -9999.0000 -9999.0000 -9999.0000 147.3042 148.8000 150.3515 149.5941 149.1849 149.6647 149.8604 152.4000 149.6808 145.7083 145.5431 -9999.0000 -9999.0000 -9999.0000 -9999.0000 -9999.0000 -9999.0000
-9999.0000 -9999.0000 -9999.0000 -9999.0000 -9999.0000 -9999.0000 -9999.0000 -9999.0000 -9999.0000 -9999.0000 -9999.0000 -9999.0000 -9999.0000 -9999.0000 -9999.0000 -9999.0000 -9999.0000 -9999.0000 -9999.0000 -9999.0000 -9999.0000 -9999.0000 99.4667 98.6968 99.9821 101.0494 103.5863 -9999.0000 -9999.0000 -9999.0000 132.4000 133.3769 136.0000 -9999.0000 -9999.0000 -9999.0000 142.6395 -9999.0000 -9999.0000 -9999.0000 -9999.0000 -9999.0000 -9999.0000 -9999.0000 -9999.0000 -9999.0000 149.4812 149.6028 149.7013 152.4562 150.9932 147.6607 144.8084 145.2385 -9999.0000 -9999.0000 -9999.0000 -9999.0000 -9999.0000
