example_data/selke/layers/q_base.asc
ncols 206
nrows 204
xllcorner 4432837.5
yllcorner 5724937.5
cellsize 200.0
NODATA_value -9999.0
[rows 78 to 103 of 204, columns 118 to 176 of 206]
146.4783 140.3630 137.4260 132.8449 128.8288 123.5419 121.8193 120.3510 114.3015 110.3844 105.0398 106.6393 105.2494 99.6284 98.0504 98.0330 99.6832 101.9000 112.6210 104.3000 123.8211 120.3661 118.0079 116.7950 116.5119 115.2343 112.2341 111.9000 108.9901 105.9890 103.4272 101.9188 99.7108 93.4540 82.0805 86.3163 -9999.0000 -9999.0000 -9999.0000 -9999.0000 -9999.0000 -9999.0000 -9999.0000 -9999.0000 -9999.0000 -9999.0000 -9999.0000 -9999.0000 -9999.0000 -9999.0000 -9999.0000 -9999.0000 -9999.0000 -9999.0000 -9999.0000 -9999.0000 -9999.0000 -9999.0000 -9999.0000
149.0106 141.4224 137.2968 138.5533 132.8310 130.4230 130.0732 126.4602 118.3871 116.1928 116.0651 114.1977 108.3104 104.8763 104.3915 104.9302 107.7095 109.8157 110.6092 107.1027 119.3202 123.0239 120.6686 118.8825 118.6996 119.2399 119.5981 118.2970 116.2492 112.1350 110.6344 107.3655 103.3539 95.8553 99.2913 86.5662 87.5000 -9999.0000 -9999.0000 -9999.0000 -9999.0000 -9999.0000 -9999.0000 -9999.0000 -9999.0000 -9999.0000 -9999.0000 -9999.0000 -9999.0000 -9999.0000 -9999.0000 -9999.0000 -9999.0000 -9999.0000 -9999.0000 -9999.0000 -9999.0000 -9999.0000 -9999.0000
-9999.0000 -9999.0000 -9999.0000 141.4342 141.3274 135.8939 135.0106 129.6715 125.8689 122.5074 123.2404 123.1610 110.2351 116.3703 115.8080 117.0079 118.3330 117.9201 114.5639 109.9796 110.9533 115.1439 117.9128 117.0445 118.6697 120.6979 121.3088 120.5002 118.5790 116.1605 113.9966 109.5674 97.2288 97.5000 103.9256 96.0795 91.9000 91.3743 -9999.0000 -9999.0000 -9999.0000 -9999.0000 -9999.0000 -9999.0000 -9999.0000 -9999.0000 -9999.0000 -9999.0000 -9999.0000 -9999.0000 -9999.0000 -9999.0000 -9999.0000 -9999.0000 -9999.0000 -9999.0000 -9999.0000 -9999.0000 -9999.0000
-9999.0000 -9999.0000 -9999.0000 154.7664 153.0252 142.3481 142.1877 137.8593 134.0410 130.9399 129.5686 118.9786 118.7386 122.5641 137.3703 138.4553 137.7466 136.3318 130.7565 126.7864 128.7885 126.5308 124.4543 123.9249 125.0925 124.2164 125.2000 125.5084 123.7393 119.2191 112.7919 107.1745 94.6028 103.8640 104.6585 95.5703 94.3441 95.3903 94.4264 87.2547 -9999.0000 -9999.0000 -9999.0000 -9999.0000 -9999.0000 -9999.0000 -9999.0000 -9999.0000 -9999.0000 -9999.0000 -9999.0000 -9999.0000 -9999.0000 -9999.0000 -9999.0000 -9999.0000 -9999.0000 -9999.0000 -9999.0000
-9999.0000 -9999.0000 -9999.0000 168.9932 155.7198 153.4540 145.5555 148.5604 142.2194 135.5927 126.0193 123.4287 136.7000 122.3146 134.1850 137.9597 147.7483 148.7283 148.2024 145.8389 144.3184 142.9305 129.4601 124.4906 130.7584 137.7345 135.1708 130.9006 126.9620 121.3412 115.3786 99.6187 111.0557 107.2956 104.1778 102.2000 112.6962 111.6460 95.5044 97.2001 89.2500 93.7405 -9999.0000 -9999.0000 -9999.0000 -9999.0000 -9999.0000 -9999.0000 -9999.0000 -9999.0000 -9999.0000 -9999.0000 -9999.0000 -9999.0000 -9999.0000 -9999.0000 -9999.0000 -9999.0000 -9999.0000
-9999.0000 -9999.0000 182.6133 172.8810 171.4232 160.1990 155.5109 152.3851 146.8233 146.5440 143.0760 140.3914 126.4000 144.3071 128.4778 137.5000 149.1594 151.2224 151.7021 153.6371 149.5359 148.6760 148.2173 146.7963 141.5510 142.8239 140.7365 134.8071 127.4253 117.3280 108.2763 120.5426 115.5087 112.9929 109.0418 103.4648 116.1211 115.1496 113.5416 111.5846 94.3306 92.7132 92.7961 94.6989 96.3068 95.3830 -9999.0000 -9999.0000 -9999.0000 -9999.0000 -9999.0000 -9999.0000 -9999.0000 -9999.0000 -9999.0000 -9999.0000 -9999.0000 -9999.0000 -9999.0000
-9999.0000 -9999.0000 -9999.0000 185.6553 180.5757 178.6660 174.4200 164.5182 159.8042 156.1950 152.3048 144.9030 143.3668 134.4069 147.1683 149.5836 148.8387 148.8349 154.0424 154.1936 153.8678 151.9648 150.2986 147.6751 142.4152 137.1060 133.5652 130.5146 117.6348 118.1242 128.1705 126.8366 122.0776 121.6957 118.8605 112.3070 111.1000 123.5651 124.5785 120.7529 117.1345 114.0201 112.0317 104.3000 95.4629 94.0933 90.1614 91.8877 80.6291 -9999.0000 -9999.0000 -9999.0000 -9999.0000 -9999.0000 -9999.0000 -9999.0000 -9999.0000 -9999.0000 -9999.0000
196.0310 193.5675 189.8331 187.3846 183.9271 181.2973 178.0166 173.8481 167.5580 165.3500 160.4972 158.1000 154.8625 147.7407 146.0000 153.2000 155.2796 152.2917 152.6339 154.4289 154.1614 154.6274 151.6852 152.1225 147.3620 142.8339 138.0475 128.0489 128.8450 130.0962 128.0970 123.8619 127.1526 124.6209 119.0814 121.1000 127.7051 129.3981 129.3181 130.6742 131.4770 127.6760 121.5758 118.2596 114.8433 113.0521 109.5817 98.5430 82.9497 84.4109 76.9507 -9999.0000 -9999.0000 -9999.0000 -9999.0000 -9999.0000 -9999.0000 -9999.0000 -9999.0000
196.3969 193.3566 190.9489 189.3714 187.0204 184.3125 183.7571 179.5197 174.5860 166.5222 165.0889 163.4121 159.7303 153.4282 153.8000 160.0562 160.5403 159.5328 156.7291 157.9475 158.9337 159.0344 158.3237 155.3630 150.5744 139.8042 137.1991 133.7319 135.6714 137.0876 135.8440 132.2984 126.8565 131.7905 130.1000 124.9320 127.7373 131.5000 130.7329 130.8389 129.9797 128.9388 129.0508 129.9496 125.9193 121.8450 116.2993 110.6363 101.6292 101.7438 77.9972 77.6073 -9999.0000 -9999.0000 -9999.0000 -9999.0000 -9999.0000 -9999.0000 -9999.0000
195.5781 192.3055 191.0837 188.6771 189.1452 187.0374 184.1723 180.9164 177.0830 173.4356 169.8136 168.9668 166.1669 156.1818 163.6000 165.8000 166.0026 165.4252 164.4000 163.9706 164.4902 163.2860 161.6289 159.3396 154.7159 151.5726 147.1140 141.6400 141.7992 143.0579 146.5365 144.5683 -9999.0000 -9999.0000 -9999.0000 -9999.0000 -9999.0000 133.0093 136.7077 132.9126 130.8204 132.3179 132.2884 129.4564 129.0697 129.0382 121.6978 116.9887 113.9729 108.8195 100.0547 76.2497 78.1549 -9999.0000 -9999.0000 -9999.0000 -9999.0000 -9999.0000 -9999.0000
194.1111 191.0047 190.4767 189.6743 189.8771 187.6708 184.6025 180.9310 178.8720 175.4605 172.6181 168.7598 163.7564 167.2699 167.9231 170.1000 170.7901 171.6855 171.3486 170.3741 168.4874 169.3804 167.8590 165.1120 162.9442 159.2915 156.0937 151.9239 154.4302 154.7504 151.3245 153.8551 -9999.0000 -9999.0000 155.5000 151.3000 151.3000 146.4856 141.2171 136.2932 132.0170 132.1442 133.1499 132.2853 132.4876 131.9504 123.6459 120.1476 117.1261 112.0857 105.8648 96.0898 74.4284 73.5234 -9999.0000 -9999.0000 -9999.0000 -9999.0000 -9999.0000
192.3205 190.8156 189.7305 189.8046 186.8295 185.1219 183.9154 184.0119 179.8586 176.1019 173.2231 170.4395 169.7496 170.5280 170.7052 172.8716 175.5607 174.3500 173.7918 171.8637 172.7487 173.1678 173.2648 171.6920 170.0108 167.9803 163.7733 160.8202 161.9139 160.4089 160.3270 157.2321 159.3000 155.2000 159.1441 157.0523 153.9866 150.5159 144.7323 144.7000 -9999.0000 -9999.0000 131.6162 129.4134 128.0990 129.4167 125.7063 118.3621 103.3000 111.2765 108.1836 91.8000 89.8353 72.0409 70.4808 68.1452 -9999.0000 -9999.0000 -9999.0000
190.2951 188.2288 187.4382 186.2741 184.3069 181.0303 183.2078 182.8415 179.7422 176.5742 174.5134 172.1039 170.7969 171.9516 172.7387 175.0214 177.0089 174.9255 173.7790 174.4050 174.7763 174.4345 174.7555 175.6383 173.8152 169.7860 168.9412 167.6187 167.9313 165.2282 164.2451 162.0638 158.1968 160.6000 163.3716 163.1181 159.7472 156.0884 150.3080 144.5087 144.3000 -9999.0000 -9999.0000 129.7581 131.7621 121.7394 121.1000 112.9000 115.9000 114.2433 109.3210 102.4404 94.7555 82.3156 71.1527 72.0600 -9999.0000 -9999.0000 -9999.0000
188.3853 186.7861 185.2405 183.1433 182.2765 180.0080 179.1188 179.2809 178.1317 176.6643 174.6437 171.8615 170.4366 172.3444 173.4138 173.7917 175.4790 175.7833 175.8273 175.4611 176.0080 175.9164 175.7020 175.7143 175.0022 172.2853 171.3163 170.7825 169.5625 167.7505 168.4137 166.2592 163.8000 165.6115 165.2234 163.8299 160.3058 157.4369 153.4867 147.7193 149.1000 147.3000 145.7000 141.8879 133.2794 123.9790 131.2701 123.2843 105.1000 116.7098 113.4095 107.1207 98.3747 88.6325 78.5843 66.8579 65.8239 -9999.0000 -9999.0000
187.0316 184.1987 180.9335 180.7540 180.1122 178.9527 176.9289 175.0759 176.2847 175.6109 175.1487 172.3587 169.8669 172.3875 173.7802 174.6041 175.3470 175.2403 175.9109 176.2268 176.3997 176.9188 176.2878 175.7946 175.2556 173.3243 173.7504 172.6291 170.7448 169.7207 168.8687 170.8315 169.9834 167.9978 166.2202 163.0741 160.0272 157.5959 154.8532 154.6669 154.8025 152.4650 149.5777 145.5773 140.6346 135.9843 133.9485 127.0946 122.0145 119.6874 111.6854 109.1247 101.3149 91.2969 81.2769 72.0531 62.9447 60.2400 59.5688
184.5358 181.1021 178.3396 176.4236 176.7717 177.4807 176.7096 174.7515 172.0699 174.5495 174.4601 171.5877 170.6184 171.8923 173.9088 174.8918 175.2573 175.9478 176.3360 176.6880 176.7896 176.8618 176.8414 176.4142 175.6616 174.0220 175.5877 173.2635 173.1141 169.9605 173.4497 172.6267 170.6940 168.7900 167.5433 164.8137 164.8000 163.7398 160.6601 159.4735 157.0010 154.3981 151.3719 148.1204 143.7590 138.8022 138.2329 130.9163 126.0693 123.2207 115.2680 112.0622 104.0787 92.6583 81.6630 73.5733 68.8586 66.4744 58.9144
181.0689 177.6005 174.7902 173.3707 171.2528 173.3988 172.6330 172.6482 168.5868 172.3309 172.7858 171.2948 171.0817 171.9844 173.2865 174.3394 174.7492 175.3589 175.9969 176.1633 176.9574 176.3811 176.3191 175.9455 175.6523 175.2606 175.7160 175.4568 174.0228 173.4403 174.4809 173.9729 173.3083 171.4566 170.7567 169.7916 168.7257 167.3880 165.1854 162.9184 159.6754 155.1923 152.6809 150.0584 146.5969 141.9422 139.3650 134.3510 128.1348 123.4791 116.4061 107.2512 98.9907 90.1661 84.3090 74.2359 68.0793 65.7614 65.8425
176.5730 174.7157 173.2471 171.3991 168.9936 168.2418 168.1758 169.3885 170.1000 171.3627 170.9316 169.8824 170.2661 171.6303 173.0429 173.2163 174.1850 174.6835 174.3758 175.7837 175.9223 175.6054 176.1913 176.9078 176.8423 174.8074 175.0175 174.8187 175.9462 174.9969 175.1913 175.4926 176.0060 175.7199 173.8570 172.5055 171.5559 170.1272 167.0347 165.1705 162.2326 158.7389 154.7580 152.4426 148.4534 142.9797 141.6835 135.2097 130.0788 126.0274 118.4590 101.8340 96.4579 89.6964 82.2994 73.6459 69.2213 67.7916 66.2424
176.9172 172.6751 171.7555 172.2151 170.5609 168.1418 159.8073 159.5608 168.7398 169.5890 169.1649 168.5343 170.0480 171.2696 172.5026 172.5518 173.2678 173.6830 174.2197 174.4015 174.9596 175.5570 176.2833 176.6536 177.5836 176.3099 175.6849 176.4312 176.7310 176.8887 178.4131 177.4846 178.0910 176.4665 174.7937 173.4191 171.8380 170.8021 168.6044 166.7412 163.7477 160.4321 157.7688 151.5353 146.9592 142.3184 140.9214 136.1491 131.0630 124.9048 118.6806 101.4776 92.9946 89.1241 82.6663 76.1745 69.1264 67.9475 65.0604
171.6334 169.0137 165.3712 166.4258 164.8597 163.3820 163.6890 152.3282 162.5287 164.5119 164.5759 167.9586 170.0537 170.9233 170.8540 170.9026 171.1970 171.7742 171.7883 173.6403 173.9232 174.6217 176.7098 176.7965 176.6451 178.0187 178.8870 178.1211 177.9740 178.1884 179.2859 178.5229 177.7406 177.1151 174.7622 173.2179 171.5136 169.1409 166.9991 166.3730 164.9372 161.3369 157.4976 150.7841 143.3377 135.9693 129.1196 130.9039 123.1720 122.3128 113.0566 103.8610 94.6000 89.3783 82.6088 77.5270 73.5979 69.3929 66.8645
165.1303 163.4881 157.5367 161.2745 158.2327 159.4383 157.2540 155.9888 148.8000 164.5989 166.5990 167.1327 168.4564 168.2567 168.8439 168.7788 169.1639 170.6331 171.5149 172.6101 173.4622 173.8527 174.5499 175.7326 177.7431 178.5210 179.4742 177.7088 178.2401 177.8531 177.8131 176.8950 177.1823 176.4669 174.8167 172.7827 172.0280 168.8133 166.4778 163.8107 160.9918 157.5551 151.4457 140.6739 130.0696 123.1965 122.4077 121.3676 116.0271 105.9796 103.7000 108.6000 110.3634 94.7257 90.4781 82.4591 77.8885 72.5648 66.5464
155.5275 157.2565 155.4129 149.9642 151.8740 155.5134 154.2277 139.1307 159.4233 162.0603 163.8240 165.8166 162.4138 160.2526 162.8530 164.4332 167.7754 169.6881 171.1539 171.2100 173.3090 172.4033 173.5289 174.1716 176.4250 178.3612 177.8869 177.4314 176.2595 177.2173 176.5565 176.4151 175.8528 175.1952 175.0015 173.8496 171.1470 169.8578 167.9415 165.2443 162.2319 160.0435 154.2216 147.5333 143.2518 139.8006 138.5966 133.0849 127.1912 119.4740 105.7961 98.8300 94.0000 98.6000 93.3767 83.2285 73.0974 71.7938 69.8702
147.6221 148.0908 146.0904 146.0530 142.9012 143.2536 145.8403 132.8302 157.1905 159.3197 158.7815 157.9249 157.1000 165.2626 164.9506 164.6089 166.1637 168.1868 168.4516 170.7882 171.2189 171.2942 172.3144 173.3708 174.4306 175.5957 175.9947 176.7419 177.1273 176.1608 176.5000 175.6940 176.1103 175.4836 175.0113 174.9438 172.5379 170.6205 168.4185 167.3760 163.3100 158.7241 152.8492 145.9994 147.1877 138.7266 129.3556 125.3267 125.5674 121.3673 118.4092 113.3122 104.5845 87.0352 83.1839 81.5000 77.0421 84.6230 80.0912
137.8670 136.9247 136.4444 136.1755 136.6246 137.4533 128.3076 146.7592 151.8509 156.1253 153.6633 147.5000 161.1141 163.7823 165.1493 163.4500 163.7872 164.2214 165.9909 167.3157 168.0678 170.2341 171.3505 173.1852 173.1738 174.4420 175.6142 175.7293 175.5471 175.5464 177.1731 175.5960 175.3636 174.7439 175.0773 175.0953 173.0030 171.9380 170.0006 166.2048 162.5277 157.6334 151.8319 143.7054 126.8577 131.0000 133.1735 125.7379 111.3250 117.9587 114.6168 107.2802 101.7578 91.5453 88.7000 89.2488 83.2000 101.9309 96.0497
124.0221 124.8928 125.5927 125.0460 124.1492 124.0829 129.0000 136.2274 142.6276 145.7551 144.1020 142.7091 151.5717 157.9133 159.8813 160.1710 161.0735 158.8834 164.1328 165.6581 167.9461 169.1295 171.6340 171.6184 172.2376 173.0396 174.2621 174.2225 173.1214 174.1140 174.7224 174.9843 175.1642 175.2821 173.4095 171.3796 169.9192 170.5047 167.1796 162.6564 156.9193 150.3749 148.4955 138.4992 134.7446 130.9457 127.3060 119.7604 107.9963 101.2119 97.9738 98.8000 100.1031 97.3000 102.6855 83.5714 89.8862 -9999.0000 99.0292
127.2090 120.2266 114.9269 122.4586 120.9220 121.4644 132.7743 130.4820 133.2896 134.2158 128.0824 140.7065 148.6871 153.1866 154.1155 154.4325 154.3000 157.0563 162.3025 165.1674 165.8622 167.2378 168.3710 168.6502 171.5689 172.9245 172.5951 172.8899 171.6594 172.6063 172.8049 173.0276 174.3102 174.8764 173.8773 172.5710 169.8561 163.0475 161.2006 155.2176 149.5421 145.1181 142.3078 138.6092 133.3424 128.1353 123.5824 119.7645 116.3029 110.0105 105.4662 112.6279 115.0198 111.1625 95.6412 84.7938 85.2032 -9999.0000 105.6598
