example_data/selke/layers/q_base.asc
ncols 206
nrows 204
xllcorner 4432837.5
yllcorner 5724937.5
cellsize 200.0
NODATA_value -9999.0
[rows 130 to 155 of 204, columns 59 to 117 of 206]
127.8647 126.0021 126.4230 125.7999 124.7000 -9999.0000 -9999.0000 -9999.0000 -9999.0000 -9999.0000 -9999.0000 -9999.0000 128.7712 128.5584 127.8249 126.6021 129.8000 131.8207 130.7366 131.6696 132.6121 133.6081 134.5266 135.2055 136.2592 -9999.0000 -9999.0000 -9999.0000 134.9169 134.0480 132.4732 130.6613 129.3387 129.4925 128.5795 126.9807 126.6805 119.1057 118.1959 -9999.0000 -9999.0000 -9999.0000 -9999.0000 -9999.0000 -9999.0000 -9999.0000 -9999.0000 -9999.0000 -9999.0000 -9999.0000 -9999.0000 -9999.0000 -9999.0000 -9999.0000 -9999.0000 -9999.0000 -9999.0000 -9999.0000 -9999.0000
127.4535 129.1221 127.2097 127.2881 126.0936 123.7288 125.4000 -9999.0000 -9999.0000 -9999.0000 -9999.0000 -9999.0000 132.1801 129.2725 127.7069 128.5224 130.3618 133.2586 133.3388 133.8285 133.2591 135.1887 135.6298 137.8041 138.1483 -9999.0000 -9999.0000 -9999.0000 135.4008 135.5778 133.1066 130.0303 128.3846 127.4774 127.7261 126.3278 123.7498 121.0864 117.8169 -9999.0000 -9999.0000 -9999.0000 -9999.0000 -9999.0000 -9999.0000 -9999.0000 -9999.0000 -9999.0000 -9999.0000 -9999.0000 -9999.0000 -9999.0000 -9999.0000 -9999.0000 -9999.0000 -9999.0000 -9999.0000 -9999.0000 -9999.0000
127.0352 129.2934 129.6397 128.4547 127.5035 126.5129 126.2367 128.5000 -9999.0000 -9999.0000 -9999.0000 -9999.0000 130.9069 130.5470 129.8236 131.1269 130.8401 132.3372 133.3707 133.3896 132.5356 134.3865 135.9230 137.0233 138.3047 139.4609 -9999.0000 -9999.0000 -9999.0000 136.5766 134.3147 131.1731 129.0786 127.3244 127.6269 128.2107 126.8597 124.5724 -9999.0000 -9999.0000 -9999.0000 -9999.0000 -9999.0000 -9999.0000 -9999.0000 -9999.0000 -9999.0000 -9999.0000 -9999.0000 -9999.0000 -9999.0000 -9999.0000 -9999.0000 -9999.0000 -9999.0000 -9999.0000 -9999.0000 -9999.0000 -9999.0000
134.2035 133.0427 131.7858 130.6700 130.9529 130.1218 130.6125 128.6875 130.6000 130.8000 -9999.0000 -9999.0000 -9999.0000 131.6280 131.8998 132.3938 130.8779 131.9685 132.0680 131.6665 132.4043 132.0005 133.7834 134.8573 135.8260 137.7977 -9999.0000 -9999.0000 -9999.0000 136.2504 137.8600 135.4927 133.4550 132.1418 130.2217 129.4409 128.4058 126.5360 -9999.0000 -9999.0000 -9999.0000 -9999.0000 -9999.0000 -9999.0000 -9999.0000 -9999.0000 -9999.0000 -9999.0000 -9999.0000 -9999.0000 -9999.0000 -9999.0000 -9999.0000 -9999.0000 -9999.0000 -9999.0000 -9999.0000 -9999.0000 -9999.0000
138.1109 137.7239 135.1740 134.1452 134.4108 134.0385 134.3084 133.9737 132.7950 132.3693 132.6496 133.6000 133.2000 132.9168 132.5135 133.5490 134.3004 131.0127 131.4095 131.5589 132.9149 133.7138 134.3932 135.3586 136.6029 137.2222 -9999.0000 -9999.0000 -9999.0000 -9999.0000 137.4651 139.0425 137.8875 135.2572 131.9819 131.4197 128.2321 126.2230 -9999.0000 -9999.0000 -9999.0000 -9999.0000 -9999.0000 -9999.0000 -9999.0000 -9999.0000 -9999.0000 -9999.0000 -9999.0000 -9999.0000 -9999.0000 -9999.0000 -9999.0000 -9999.0000 -9999.0000 -9999.0000 -9999.0000 -9999.0000 -9999.0000
143.5895 141.2488 142.0516 139.2748 139.3267 137.7656 137.6183 136.4911 135.7222 135.7944 135.4718 135.3384 134.1939 134.4104 132.8553 134.0150 134.6774 133.6811 133.1808 133.3483 134.2484 135.1773 134.6691 135.8714 137.1446 138.1206 140.8004 142.3000 143.3000 143.6000 143.2148 141.7924 139.9162 136.8953 136.2380 135.8272 135.6051 127.5095 130.1744 131.5443 128.6044 -9999.0000 -9999.0000 -9999.0000 -9999.0000 -9999.0000 -9999.0000 -9999.0000 -9999.0000 -9999.0000 -9999.0000 -9999.0000 -9999.0000 -9999.0000 -9999.0000 -9999.0000 -9999.0000 -9999.0000 -9999.0000
149.5810 148.5362 147.3506 145.9687 144.5259 143.1897 142.1665 140.2854 139.2809 137.1722 136.8799 137.1873 137.3469 137.3102 136.8539 136.1051 135.8936 135.0458 135.0216 136.6121 135.0795 135.5347 137.3686 139.2903 139.3023 140.7322 142.2436 142.1053 143.7345 144.8967 144.6382 144.2819 143.1118 142.3608 140.5792 138.8233 135.4377 132.8065 131.3648 131.6010 127.6678 126.4851 128.7831 -9999.0000 -9999.0000 -9999.0000 -9999.0000 -9999.0000 -9999.0000 -9999.0000 -9999.0000 -9999.0000 -9999.0000 -9999.0000 -9999.0000 -9999.0000 -9999.0000 -9999.0000 -9999.0000
165.7000 161.0000 159.9000 155.0000 151.1038 148.6773 147.1172 144.4785 143.7084 141.6945 141.1179 139.3020 138.2078 138.3136 139.3353 138.1482 137.3928 137.7874 137.6091 138.0777 137.0351 136.3551 139.1413 140.9115 141.6134 142.1654 143.1685 144.3428 144.3862 145.1379 146.4995 145.6549 144.4322 144.3848 143.6371 142.8091 142.2554 138.7461 136.0426 133.0402 129.1825 130.9168 128.9475 131.0763 -9999.0000 -9999.0000 -9999.0000 -9999.0000 -9999.0000 -9999.0000 -9999.0000 -9999.0000 -9999.0000 -9999.0000 -9999.0000 -9999.0000 -9999.0000 -9999.0000 -9999.0000
170.9449 165.4653 160.6602 157.4790 161.8795 158.3643 153.3498 150.5860 148.6000 146.2000 143.7764 141.0164 140.7386 140.6027 140.2243 139.3918 139.1154 138.5300 137.9749 138.9736 138.4173 139.2199 140.6765 142.2955 143.1930 144.5954 145.6645 146.1211 146.5554 146.5228 147.7136 148.3769 146.4290 145.3774 144.6861 144.0610 142.4741 139.6774 137.5279 137.5000 135.8000 132.2802 133.0373 131.2440 133.0817 -9999.0000 -9999.0000 -9999.0000 -9999.0000 -9999.0000 -9999.0000 -9999.0000 -9999.0000 -9999.0000 -9999.0000 -9999.0000 -9999.0000 -9999.0000 -9999.0000
166.1000 -9999.0000 -9999.0000 -9999.0000 164.3364 172.0000 162.6953 159.5268 155.0833 151.6327 148.9494 145.6105 143.2519 143.0323 141.6705 140.9333 140.6987 140.0582 140.3491 141.8843 143.1420 143.9114 144.6668 145.5496 146.0983 147.7414 148.5574 149.3017 150.0753 150.1023 150.2518 150.0540 149.1552 146.3430 145.6773 145.2721 143.6498 141.3507 140.4871 139.5566 138.1880 138.8333 137.8311 133.2898 132.5446 -9999.0000 -9999.0000 -9999.0000 -9999.0000 -9999.0000 -9999.0000 -9999.0000 -9999.0000 -9999.0000 -9999.0000 -9999.0000 -9999.0000 -9999.0000 -9999.0000
-9999.0000 -9999.0000 -9999.0000 -9999.0000 -9999.0000 -9999.0000 171.2906 177.2000 165.8212 160.0000 155.6000 151.1409 148.5797 145.8353 143.9816 142.3734 141.8789 144.0985 144.1971 147.1453 148.8272 149.0735 150.1408 150.1857 152.8535 150.7340 152.6615 153.1779 154.2862 154.7453 153.3861 153.0184 151.3152 150.3127 148.8798 148.2381 148.3673 146.5331 144.4218 141.5111 140.1843 139.3481 138.4387 134.0728 133.9999 132.8212 -9999.0000 -9999.0000 -9999.0000 -9999.0000 -9999.0000 -9999.0000 -9999.0000 -9999.0000 -9999.0000 -9999.0000 -9999.0000 -9999.0000 -9999.0000
-9999.0000 -9999.0000 -9999.0000 -9999.0000 -9999.0000 -9999.0000 -9999.0000 -9999.0000 169.8719 165.6564 174.3081 161.7540 155.4471 149.7950 148.2601 145.4110 144.3032 149.4929 152.8013 154.6193 155.6711 154.9847 154.9300 156.1000 156.4864 156.7786 157.8008 158.2415 158.3158 157.7855 158.2196 157.2758 155.6524 154.5114 153.1736 153.0853 153.0627 151.3429 149.6833 146.6388 143.0861 140.9783 139.9379 135.3527 135.2495 132.6465 -9999.0000 -9999.0000 -9999.0000 -9999.0000 -9999.0000 -9999.0000 -9999.0000 -9999.0000 -9999.0000 -9999.0000 -9999.0000 -9999.0000 -9999.0000
-9999.0000 -9999.0000 -9999.0000 -9999.0000 -9999.0000 -9999.0000 -9999.0000 -9999.0000 -9999.0000 167.8714 168.9720 163.2762 156.2304 152.6183 149.2333 148.7733 152.3000 157.9000 164.8480 163.8141 163.4868 162.5707 161.0521 160.2111 160.3220 161.7825 156.6000 153.5000 160.2672 160.9061 160.7803 159.8449 157.9858 156.6196 155.8695 156.2462 156.0896 155.2476 152.9751 147.9299 146.7978 144.8905 142.8486 137.3296 136.3844 132.1121 -9999.0000 -9999.0000 -9999.0000 -9999.0000 -9999.0000 -9999.0000 -9999.0000 -9999.0000 -9999.0000 -9999.0000 -9999.0000 -9999.0000 -9999.0000
136.2472 137.0998 -9999.0000 -9999.0000 -9999.0000 -9999.0000 -9999.0000 -9999.0000 -9999.0000 158.9826 160.3342 156.4275 153.8423 152.7744 152.1003 151.9433 154.7684 168.1091 181.7443 184.7000 180.4608 172.7765 166.9913 164.9434 164.4536 155.2000 151.8000 148.6000 160.4702 159.6447 159.7032 158.3255 157.5831 155.7606 156.4752 155.3653 154.2996 153.5907 150.7864 150.8053 149.2206 147.9034 146.0261 140.7781 136.4138 -9999.0000 -9999.0000 -9999.0000 -9999.0000 -9999.0000 -9999.0000 -9999.0000 -9999.0000 -9999.0000 -9999.0000 -9999.0000 -9999.0000 -9999.0000 -9999.0000
136.3643 140.6000 138.8309 138.5000 139.1905 -9999.0000 -9999.0000 -9999.0000 -9999.0000 153.0745 153.5499 152.5567 151.0708 154.9279 153.5703 152.6912 153.5365 159.5140 166.0486 173.5709 176.4165 171.9384 167.4927 164.7786 161.9334 160.8626 161.2096 158.0337 159.0702 158.3291 157.2879 155.5371 154.6721 152.6724 151.2506 149.7958 149.7903 148.4466 148.9980 149.8734 149.1001 147.3839 147.4741 140.6595 133.8316 -9999.0000 -9999.0000 -9999.0000 -9999.0000 -9999.0000 -9999.0000 -9999.0000 -9999.0000 -9999.0000 -9999.0000 -9999.0000 -9999.0000 -9999.0000 -9999.0000
154.6953 151.8179 149.0545 144.2612 138.5211 138.2827 -9999.0000 -9999.0000 148.8000 146.9987 152.1707 153.3145 156.4475 156.8989 156.2341 158.1285 160.5334 160.4310 161.6880 163.0918 163.8214 162.2545 160.4726 159.4008 159.0286 157.7438 157.6763 158.6068 157.4593 155.5345 153.9643 152.8002 151.7041 149.4659 147.1475 145.6597 143.4320 145.8234 142.1871 148.0306 149.4372 147.2649 144.8472 137.2812 131.9382 -9999.0000 -9999.0000 -9999.0000 -9999.0000 -9999.0000 -9999.0000 -9999.0000 -9999.0000 -9999.0000 -9999.0000 -9999.0000 -9999.0000 -9999.0000 -9999.0000
160.1739 156.7766 153.5537 148.5958 141.0060 139.7354 139.8747 141.4771 146.4312 151.6657 152.8688 156.2736 163.7025 163.4626 160.6627 163.0855 164.3267 164.7399 162.8324 162.4227 159.4458 158.2452 159.5757 158.1855 157.6374 156.6929 156.9841 156.7635 156.8971 155.5393 153.2467 152.4788 149.8871 150.4249 146.3988 145.6951 144.5779 142.7682 141.6932 140.2299 139.6214 133.8063 129.7567 129.4201 131.2428 -9999.0000 -9999.0000 -9999.0000 -9999.0000 -9999.0000 -9999.0000 -9999.0000 -9999.0000 -9999.0000 -9999.0000 -9999.0000 -9999.0000 -9999.0000 -9999.0000
159.3085 156.6672 151.0014 144.9272 143.4221 139.9137 137.3709 142.3670 142.9898 148.3229 154.4633 162.6000 162.7426 160.4146 161.8267 159.8335 161.8345 163.7206 162.9572 160.5382 160.5101 160.1927 158.9274 157.3840 156.9133 158.0959 159.1054 158.6807 156.8997 156.1498 154.7042 151.8709 -9999.0000 -9999.0000 -9999.0000 -9999.0000 -9999.0000 -9999.0000 -9999.0000 -9999.0000 140.0748 131.7331 125.4389 125.7275 133.5067 134.9609 131.2013 -9999.0000 -9999.0000 -9999.0000 -9999.0000 -9999.0000 -9999.0000 -9999.0000 -9999.0000 -9999.0000 -9999.0000 -9999.0000 -9999.0000
154.0742 150.5620 148.1726 145.8623 145.1514 143.9788 144.7294 145.6661 146.1805 147.5000 151.4211 149.5378 151.2814 154.4267 160.0000 159.4000 160.5000 161.2795 159.4608 161.4509 160.0870 158.3820 158.9792 158.7904 160.5787 159.5096 158.6885 159.6891 158.0082 155.7987 -9999.0000 -9999.0000 -9999.0000 -9999.0000 -9999.0000 -9999.0000 -9999.0000 -9999.0000 -9999.0000 146.8595 138.1286 131.6329 129.1125 129.0932 132.1312 152.3731 151.3583 141.7657 -9999.0000 -9999.0000 -9999.0000 -9999.0000 -9999.0000 -9999.0000 -9999.0000 -9999.0000 -9999.0000 -9999.0000 -9999.0000
155.1437 153.7776 153.9747 152.4392 149.7668 148.0442 146.3044 145.0311 144.2973 145.9000 147.0401 -9999.0000 -9999.0000 -9999.0000 -9999.0000 -9999.0000 -9999.0000 -9999.0000 159.1440 159.7000 160.1414 158.9607 159.6042 160.5773 160.4375 160.3678 160.3088 160.2142 158.1558 155.1189 -9999.0000 -9999.0000 -9999.0000 -9999.0000 -9999.0000 -9999.0000 149.7371 149.1975 148.1691 148.5499 145.6024 149.9229 150.3986 149.9832 149.4870 148.2789 149.1970 140.8897 -9999.0000 -9999.0000 -9999.0000 -9999.0000 -9999.0000 -9999.0000 -9999.0000 -9999.0000 -9999.0000 -9999.0000 -9999.0000
158.1300 157.7168 155.9991 153.9315 151.4779 150.2515 149.0302 147.2317 145.2038 148.4327 148.1931 149.3064 -9999.0000 -9999.0000 -9999.0000 -9999.0000 -9999.0000 -9999.0000 -9999.0000 -9999.0000 158.6962 159.1943 158.1458 160.9718 161.7335 161.8288 162.5242 158.5708 157.2941 -9999.0000 -9999.0000 -9999.0000 -9999.0000 -9999.0000 151.5960 150.2927 149.5531 149.0346 148.6822 154.7273 152.5624 152.4167 150.5311 149.1585 143.4809 141.9909 142.3889 -9999.0000 -9999.0000 -9999.0000 -9999.0000 -9999.0000 -9999.0000 -9999.0000 -9999.0000 -9999.0000 -9999.0000 -9999.0000 -9999.0000
158.8957 158.2824 156.2010 153.2990 152.1516 150.0943 148.5581 147.2850 146.8958 145.6709 150.8000 149.7656 150.0141 -9999.0000 -9999.0000 -9999.0000 -9999.0000 -9999.0000 -9999.0000 -9999.0000 -9999.0000 158.6788 159.4373 160.2837 161.5932 161.8386 160.8583 159.1567 158.3405 -9999.0000 -9999.0000 -9999.0000 -9999.0000 -9999.0000 153.3306 151.8573 157.8132 157.2532 156.3240 154.5079 151.6846 150.7791 148.8276 142.6708 143.8682 141.2490 140.4576 141.1637 142.4604 -9999.0000 -9999.0000 -9999.0000 -9999.0000 -9999.0000 -9999.0000 -9999.0000 -9999.0000 -9999.0000 -9999.0000
159.3759 158.2972 157.3158 154.9204 152.3321 149.8816 148.4284 147.3668 146.2475 147.0083 147.0974 148.9731 151.3038 150.9032 148.2470 -9999.0000 -9999.0000 -9999.0000 -9999.0000 -9999.0000 -9999.0000 -9999.0000 -9999.0000 -9999.0000 -9999.0000 -9999.0000 160.6179 -9999.0000 -9999.0000 -9999.0000 -9999.0000 -9999.0000 -9999.0000 156.9479 155.9103 159.7095 157.3066 156.4426 155.4805 154.4322 152.0096 151.6099 149.4319 150.8180 143.4809 141.8583 141.5931 144.1397 145.3047 -9999.0000 -9999.0000 -9999.0000 -9999.0000 -9999.0000 -9999.0000 -9999.0000 -9999.0000 -9999.0000 -9999.0000
156.8769 154.6421 153.1282 152.5797 151.4678 150.7822 148.9126 146.8569 147.2438 148.7393 148.6399 149.2155 149.7026 151.4895 151.1169 152.6355 155.3068 -9999.0000 -9999.0000 -9999.0000 -9999.0000 -9999.0000 -9999.0000 -9999.0000 -9999.0000 -9999.0000 -9999.0000 -9999.0000 -9999.0000 -9999.0000 -9999.0000 -9999.0000 -9999.0000 156.7592 157.5007 159.2379 158.0535 157.2821 156.1782 155.7642 156.3699 152.3553 152.3970 157.7281 155.9291 152.9563 152.1244 150.5761 148.2880 146.6524 -9999.0000 -9999.0000 -9999.0000 -9999.0000 -9999.0000 -9999.0000 -9999.0000 -9999.0000 -9999.0000
156.5643 154.5247 151.1585 152.0225 151.9029 152.4566 151.0354 150.2196 -9999.0000 149.4471 150.9621 151.7723 151.0017 151.3825 153.0859 157.3998 155.8850 159.2015 -9999.0000 -9999.0000 -9999.0000 -9999.0000 -9999.0000 -9999.0000 -9999.0000 -9999.0000 -9999.0000 -9999.0000 -9999.0000 -9999.0000 -9999.0000 -9999.0000 -9999.0000 157.7139 158.7881 160.9679 159.2501 158.8999 159.5881 160.7761 157.6367 -9999.0000 161.5072 159.4866 147.4000 156.2258 153.0929 152.4441 147.5799 145.3269 146.2531 -9999.0000 -9999.0000 -9999.0000 -9999.0000 -9999.0000 -9999.0000 -9999.0000 -9999.0000
-9999.0000 -9999.0000 -9999.0000 -9999.0000 -9999.0000 154.6705 154.0736 155.2000 -9999.0000 -9999.0000 -9999.0000 151.2454 154.8469 157.1196 157.8584 158.0254 161.4806 160.2388 164.1625 165.8110 167.5470 169.1861 -9999.0000 -9999.0000 -9999.0000 -9999.0000 -9999.0000 -9999.0000 -9999.0000 -9999.0000 -9999.0000 -9999.0000 161.4751 159.1714 164.1097 164.2225 162.8326 162.5551 163.7342 162.4827 -9999.0000 -9999.0000 164.5337 162.2599 157.9795 155.8163 152.9225 152.2534 149.1792 148.2106 145.0380 -9999.0000 -9999.0000 -9999.0000 -9999.0000 -9999.0000 -9999.0000 -9999.0000 145.9094
