example_data/selke/layers/q_base.asc
ncols 206
nrows 204
xllcorner 4432837.5
yllcorner 5724937.5
cellsize 200.0
NODATA_value -9999.0
[rows 52 to 77 of 204, columns 59 to 117 of 206]
80.1763 80.5964 85.1370 88.7769 95.4662 100.1278 101.7543 97.2245 -9999.0000 -9999.0000 93.0104 96.5669 93.2848 95.3184 95.7563 88.4493 87.3936 97.9525 104.0873 116.3000 121.9214 -9999.0000 -9999.0000 -9999.0000 -9999.0000 -9999.0000 -9999.0000 120.3653 120.7038 121.6932 123.0521 -9999.0000 -9999.0000 -9999.0000 -9999.0000 -9999.0000 -9999.0000 -9999.0000 -9999.0000 -9999.0000 -9999.0000 -9999.0000 -9999.0000 -9999.0000 -9999.0000 -9999.0000 -9999.0000 -9999.0000 -9999.0000 -9999.0000 -9999.0000 -9999.0000 -9999.0000 84.5357 81.8453 81.7932 83.5353 83.4000 84.4469
84.4005 89.3488 90.6990 94.7540 98.2688 106.4000 109.0290 -9999.0000 -9999.0000 -9999.0000 -9999.0000 -9999.0000 96.3272 100.1385 96.0758 90.8971 87.0235 97.5088 109.8694 118.3162 122.9145 124.5335 128.5588 -9999.0000 124.3053 121.4374 120.4060 120.3169 120.3731 121.4214 123.2850 124.4498 126.5669 -9999.0000 -9999.0000 -9999.0000 -9999.0000 -9999.0000 -9999.0000 -9999.0000 -9999.0000 -9999.0000 -9999.0000 -9999.0000 -9999.0000 -9999.0000 -9999.0000 -9999.0000 -9999.0000 -9999.0000 -9999.0000 -9999.0000 -9999.0000 -9999.0000 86.6660 87.4381 86.6001 86.9228 85.9498
88.7739 92.9563 95.5016 103.4783 106.0057 107.6190 109.3816 -9999.0000 -9999.0000 -9999.0000 -9999.0000 -9999.0000 -9999.0000 99.1014 101.0900 92.7151 90.4842 94.4291 104.4066 115.6072 126.1000 132.2669 129.2042 128.8760 122.0839 121.9562 121.3036 122.2756 123.3796 124.4265 124.4760 125.6336 127.6758 128.5087 129.5890 129.9835 130.3693 131.1771 131.8998 132.7445 -9999.0000 -9999.0000 -9999.0000 -9999.0000 -9999.0000 -9999.0000 -9999.0000 -9999.0000 -9999.0000 -9999.0000 -9999.0000 -9999.0000 -9999.0000 -9999.0000 -9999.0000 90.5398 88.7855 87.9696 85.9051
91.4106 98.6464 100.0471 104.1818 106.9544 109.7478 114.0070 -9999.0000 -9999.0000 -9999.0000 -9999.0000 -9999.0000 -9999.0000 -9999.0000 98.3606 101.2767 97.9338 97.0182 100.7522 112.1291 124.2000 131.2802 128.6888 129.0644 126.2000 127.4443 128.5976 128.3350 127.7078 128.8637 127.9089 128.7935 130.8941 130.8160 129.5377 129.4934 130.9195 130.6950 131.9167 133.0878 133.2290 132.6771 -9999.0000 -9999.0000 -9999.0000 -9999.0000 -9999.0000 -9999.0000 -9999.0000 -9999.0000 -9999.0000 -9999.0000 -9999.0000 -9999.0000 -9999.0000 92.2636 92.7931 90.0101 86.9907
88.7497 97.5925 100.0094 101.8088 106.1277 109.2596 111.9992 113.4000 -9999.0000 -9999.0000 -9999.0000 -9999.0000 -9999.0000 -9999.0000 -9999.0000 102.1784 107.3248 103.1898 103.8786 108.9202 119.7000 129.5407 128.4960 121.2970 127.3000 136.1279 135.7501 134.1719 133.1294 133.3788 132.4030 132.7702 133.9730 134.1929 131.6811 131.9131 132.5579 131.9761 132.4463 132.8131 132.1149 132.6874 133.5094 -9999.0000 -9999.0000 -9999.0000 -9999.0000 -9999.0000 -9999.0000 -9999.0000 -9999.0000 -9999.0000 -9999.0000 -9999.0000 -9999.0000 96.9738 96.9361 92.1289 89.2252
89.2608 95.2064 99.3573 102.2730 103.4283 106.9865 112.4164 115.6100 117.2653 -9999.0000 -9999.0000 -9999.0000 -9999.0000 -9999.0000 -9999.0000 -9999.0000 109.2147 117.1296 107.6232 107.3330 110.1304 117.0740 118.8635 119.0000 -9999.0000 136.9827 139.0700 136.9858 136.3292 137.5866 137.4306 137.9096 139.5966 138.9452 140.0952 139.0451 139.2988 137.7117 137.9128 137.0775 137.4675 134.5036 133.3373 134.1079 -9999.0000 -9999.0000 -9999.0000 -9999.0000 -9999.0000 -9999.0000 -9999.0000 -9999.0000 -9999.0000 -9999.0000 -9999.0000 102.3883 101.1923 94.1185 92.3329
90.9273 94.3473 97.9830 100.9134 103.5636 106.6584 110.1587 115.4393 120.7465 125.5892 -9999.0000 -9999.0000 -9999.0000 -9999.0000 -9999.0000 -9999.0000 -9999.0000 -9999.0000 111.0634 112.1677 112.1025 110.7172 111.8429 117.1796 -9999.0000 -9999.0000 140.8536 142.9331 143.5145 144.2914 139.3046 138.3123 138.8171 139.5457 139.3618 140.7768 144.6680 143.7643 142.5424 141.8518 139.9032 137.9655 135.9592 134.0278 133.1074 133.3909 -9999.0000 -9999.0000 -9999.0000 -9999.0000 -9999.0000 -9999.0000 -9999.0000 -9999.0000 -9999.0000 -9999.0000 109.0364 101.3080 97.2444
91.3283 93.1709 96.4805 99.6600 101.0986 104.8933 109.3740 114.1000 120.6688 126.2663 133.3000 137.7271 -9999.0000 -9999.0000 -9999.0000 -9999.0000 -9999.0000 -9999.0000 -9999.0000 -9999.0000 116.0402 115.1927 118.4140 115.8008 120.9770 -9999.0000 -9999.0000 144.4254 143.7911 -9999.0000 -9999.0000 -9999.0000 -9999.0000 -9999.0000 -9999.0000 -9999.0000 -9999.0000 143.6583 142.7195 142.3118 144.9496 140.9219 140.0169 137.0944 134.0429 133.1561 133.2572 131.5830 -9999.0000 -9999.0000 -9999.0000 -9999.0000 -9999.0000 -9999.0000 -9999.0000 -9999.0000 105.4585 106.0312 99.0357
93.0456 93.5522 96.9343 102.1974 104.0911 106.5666 113.5177 116.7594 121.4000 124.8319 132.2395 139.3599 143.6000 149.3659 -9999.0000 -9999.0000 -9999.0000 -9999.0000 -9999.0000 123.3838 118.9151 123.2082 124.7091 127.4281 129.5187 127.4222 -9999.0000 -9999.0000 -9999.0000 -9999.0000 -9999.0000 -9999.0000 -9999.0000 -9999.0000 -9999.0000 -9999.0000 -9999.0000 -9999.0000 -9999.0000 -9999.0000 143.8744 145.7519 142.7840 139.7596 136.7340 132.7194 131.6185 129.8732 129.8839 -9999.0000 -9999.0000 -9999.0000 -9999.0000 -9999.0000 -9999.0000 -9999.0000 -9999.0000 107.2993 107.1279
95.3597 95.3300 96.7944 102.5042 104.2779 109.3824 114.3275 119.7912 124.3060 126.5425 131.8059 138.3000 144.7000 150.8964 156.0000 -9999.0000 -9999.0000 -9999.0000 -9999.0000 127.4989 123.7374 127.3000 131.4492 130.3662 131.7708 129.0000 -9999.0000 -9999.0000 -9999.0000 -9999.0000 -9999.0000 -9999.0000 -9999.0000 -9999.0000 -9999.0000 -9999.0000 -9999.0000 -9999.0000 -9999.0000 -9999.0000 -9999.0000 -9999.0000 142.7652 139.7592 136.4043 133.6906 131.4037 130.7745 130.8318 128.9467 128.9889 -9999.0000 -9999.0000 -9999.0000 -9999.0000 -9999.0000 -9999.0000 -9999.0000 117.0023
98.9588 98.7792 97.7187 99.9717 105.0878 108.0256 113.1029 117.2731 121.4666 123.9705 131.9462 137.5511 144.9000 150.2385 151.2000 152.1961 -9999.0000 -9999.0000 142.2356 135.6983 127.8000 134.7000 137.0843 136.3904 132.2916 132.0000 135.6114 -9999.0000 -9999.0000 -9999.0000 -9999.0000 -9999.0000 -9999.0000 -9999.0000 -9999.0000 170.7235 -9999.0000 -9999.0000 -9999.0000 -9999.0000 -9999.0000 -9999.0000 -9999.0000 -9999.0000 -9999.0000 -9999.0000 -9999.0000 -9999.0000 130.1857 130.7785 128.0322 128.1982 127.2793 -9999.0000 -9999.0000 -9999.0000 -9999.0000 -9999.0000 -9999.0000
98.1858 97.5832 98.5587 100.1663 101.4304 107.4812 110.3617 112.5638 117.6529 122.4908 130.3926 136.9792 140.5123 144.0439 149.1853 -9999.0000 -9999.0000 168.0229 165.9914 139.7539 135.2000 137.1612 141.9812 141.1653 140.3673 132.9060 134.3125 139.9163 144.0755 -9999.0000 -9999.0000 -9999.0000 -9999.0000 -9999.0000 173.2395 -9999.0000 -9999.0000 -9999.0000 -9999.0000 -9999.0000 -9999.0000 -9999.0000 -9999.0000 -9999.0000 -9999.0000 -9999.0000 -9999.0000 -9999.0000 -9999.0000 -9999.0000 128.5615 127.2373 126.4023 126.7286 -9999.0000 -9999.0000 -9999.0000 -9999.0000 -9999.0000
100.0726 99.8358 98.7797 100.7373 103.7101 105.8981 107.7756 109.7269 114.4966 120.4497 128.3302 133.9690 139.2000 142.7472 -9999.0000 -9999.0000 -9999.0000 171.3250 166.7523 143.2000 139.5000 147.0296 148.5473 148.4048 146.6995 139.2000 138.8385 148.2194 144.0909 -9999.0000 -9999.0000 -9999.0000 174.0241 178.0634 175.4174 -9999.0000 -9999.0000 -9999.0000 -9999.0000 -9999.0000 -9999.0000 -9999.0000 -9999.0000 -9999.0000 -9999.0000 -9999.0000 -9999.0000 -9999.0000 -9999.0000 -9999.0000 -9999.0000 126.9930 127.3393 126.4443 -9999.0000 -9999.0000 -9999.0000 -9999.0000 -9999.0000
98.3396 100.0765 100.4509 101.1651 105.0579 108.8421 109.6080 110.7185 114.3261 117.9970 125.1419 133.7693 140.5370 140.1929 -9999.0000 -9999.0000 -9999.0000 169.6448 172.2715 157.3682 147.2580 150.2000 153.2271 151.6465 143.6484 -9999.0000 -9999.0000 -9999.0000 148.3073 152.6116 154.0000 165.9516 168.6000 172.2000 -9999.0000 -9999.0000 -9999.0000 -9999.0000 -9999.0000 -9999.0000 -9999.0000 -9999.0000 -9999.0000 -9999.0000 -9999.0000 -9999.0000 -9999.0000 -9999.0000 -9999.0000 -9999.0000 -9999.0000 -9999.0000 -9999.0000 -9999.0000 -9999.0000 -9999.0000 -9999.0000 -9999.0000 -9999.0000
97.9052 99.2799 100.1921 102.8615 105.3550 109.5576 113.4379 114.9006 116.8833 120.4983 127.3729 133.7847 140.5843 139.5689 -9999.0000 -9999.0000 -9999.0000 -9999.0000 166.4282 157.8045 154.3201 151.8743 154.1512 151.3970 149.1255 -9999.0000 -9999.0000 -9999.0000 -9999.0000 167.8639 165.2475 161.5835 166.7000 170.4707 -9999.0000 -9999.0000 -9999.0000 -9999.0000 -9999.0000 -9999.0000 -9999.0000 -9999.0000 -9999.0000 -9999.0000 -9999.0000 -9999.0000 -9999.0000 -9999.0000 -9999.0000 -9999.0000 -9999.0000 -9999.0000 -9999.0000 -9999.0000 -9999.0000 -9999.0000 -9999.0000 -9999.0000 -9999.0000
100.5189 101.7927 100.6410 103.2755 106.4250 109.5964 113.5963 118.4695 119.2693 120.8089 125.8135 132.7168 137.5855 139.9177 -9999.0000 -9999.0000 -9999.0000 -9999.0000 -9999.0000 -9999.0000 157.0262 157.4070 154.6682 151.0026 147.9330 -9999.0000 -9999.0000 -9999.0000 -9999.0000 179.4583 185.7325 175.2424 167.9000 177.6170 -9999.0000 -9999.0000 -9999.0000 -9999.0000 -9999.0000 -9999.0000 -9999.0000 -9999.0000 -9999.0000 -9999.0000 -9999.0000 -9999.0000 -9999.0000 -9999.0000 -9999.0000 -9999.0000 -9999.0000 -9999.0000 -9999.0000 -9999.0000 -9999.0000 -9999.0000 -9999.0000 -9999.0000 -9999.0000
103.8787 102.1017 101.8952 103.4473 104.5697 107.9735 113.7911 116.9715 118.5527 121.5105 125.6352 129.5360 135.8698 143.6000 150.4995 -9999.0000 -9999.0000 -9999.0000 -9999.0000 -9999.0000 162.6043 164.5036 156.8301 152.9515 146.1594 148.0974 -9999.0000 -9999.0000 -9999.0000 186.2858 187.3949 174.5613 185.3055 181.3000 -9999.0000 -9999.0000 -9999.0000 -9999.0000 -9999.0000 -9999.0000 -9999.0000 -9999.0000 -9999.0000 -9999.0000 -9999.0000 -9999.0000 -9999.0000 -9999.0000 -9999.0000 -9999.0000 -9999.0000 -9999.0000 -9999.0000 -9999.0000 -9999.0000 -9999.0000 -9999.0000 -9999.0000 -9999.0000
103.8037 102.9294 101.7632 102.4829 105.4072 110.1142 112.3805 113.8703 116.7197 120.7905 125.4470 131.8608 138.0664 145.1000 157.3000 -9999.0000 -9999.0000 -9999.0000 -9999.0000 -9999.0000 166.4451 165.9022 160.7750 153.2903 150.2000 149.8014 -9999.0000 -9999.0000 -9999.0000 188.7222 183.2934 192.3000 188.3342 189.9835 -9999.0000 -9999.0000 -9999.0000 -9999.0000 -9999.0000 -9999.0000 -9999.0000 -9999.0000 -9999.0000 -9999.0000 -9999.0000 -9999.0000 -9999.0000 -9999.0000 -9999.0000 -9999.0000 -9999.0000 -9999.0000 -9999.0000 -9999.0000 -9999.0000 -9999.0000 -9999.0000 126.4916 122.5812
104.1715 103.7105 103.9791 105.5471 107.9824 112.4393 115.4655 118.4134 121.7945 125.7273 129.2640 134.0483 142.2000 148.6444 151.5039 -9999.0000 -9999.0000 -9999.0000 -9999.0000 -9999.0000 171.0784 168.9296 159.6204 157.1718 153.0450 -9999.0000 -9999.0000 -9999.0000 -9999.0000 193.2421 191.0019 191.8733 197.2000 194.2411 195.3660 198.3272 -9999.0000 -9999.0000 -9999.0000 -9999.0000 -9999.0000 -9999.0000 -9999.0000 -9999.0000 -9999.0000 -9999.0000 -9999.0000 -9999.0000 -9999.0000 -9999.0000 -9999.0000 -9999.0000 -9999.0000 -9999.0000 -9999.0000 -9999.0000 131.3771 126.3674 121.7302
103.7962 104.5796 106.0698 107.1432 110.2578 113.0476 115.4336 118.5698 122.9468 128.4699 134.9061 140.1002 143.8287 144.6456 -9999.0000 -9999.0000 -9999.0000 -9999.0000 -9999.0000 -9999.0000 179.4634 170.0183 163.6091 158.7377 156.2459 -9999.0000 -9999.0000 -9999.0000 -9999.0000 191.8426 191.2838 189.0768 190.7661 194.0126 194.8291 197.2561 201.5000 -9999.0000 -9999.0000 -9999.0000 -9999.0000 -9999.0000 -9999.0000 -9999.0000 -9999.0000 -9999.0000 -9999.0000 -9999.0000 -9999.0000 -9999.0000 -9999.0000 -9999.0000 -9999.0000 -9999.0000 -9999.0000 -9999.0000 131.4917 127.0548 123.7918
103.7624 104.7656 106.9103 108.9162 111.5444 114.6427 115.3585 116.8492 120.3537 126.4692 131.0333 136.1814 141.6000 143.3661 -9999.0000 -9999.0000 -9999.0000 -9999.0000 -9999.0000 -9999.0000 175.9805 168.7101 163.7583 157.0204 155.2545 -9999.0000 -9999.0000 -9999.0000 -9999.0000 -9999.0000 190.0488 189.7859 187.7551 188.9062 190.0800 194.2822 200.1000 201.4693 -9999.0000 -9999.0000 -9999.0000 -9999.0000 -9999.0000 -9999.0000 -9999.0000 -9999.0000 -9999.0000 -9999.0000 -9999.0000 -9999.0000 -9999.0000 -9999.0000 -9999.0000 -9999.0000 152.8000 143.5628 135.5848 131.0116 126.4644
106.3288 105.8622 106.6244 109.4152 110.5341 112.9863 115.5475 117.3407 118.5730 123.9916 130.8740 133.6416 138.4000 147.0000 -9999.0000 -9999.0000 -9999.0000 -9999.0000 -9999.0000 -9999.0000 169.1631 167.4429 159.6879 156.3189 155.3002 160.0723 -9999.0000 -9999.0000 -9999.0000 -9999.0000 -9999.0000 189.6000 192.6621 191.6442 191.8843 193.5636 197.3000 204.0456 -9999.0000 -9999.0000 -9999.0000 -9999.0000 -9999.0000 -9999.0000 -9999.0000 -9999.0000 -9999.0000 -9999.0000 -9999.0000 -9999.0000 -9999.0000 -9999.0000 168.7909 160.3042 153.2517 148.6020 140.9058 134.4429 130.1139
103.7731 103.6401 107.0637 108.1546 108.6228 109.8805 112.5512 114.5474 116.7618 123.8579 131.3442 137.3145 140.4381 145.8000 144.8099 -9999.0000 -9999.0000 -9999.0000 -9999.0000 -9999.0000 166.8181 164.5190 160.6396 157.9410 157.7427 162.5690 169.4949 172.6312 -9999.0000 -9999.0000 -9999.0000 -9999.0000 195.3948 197.3546 196.2400 197.6040 199.7249 204.5000 206.2143 -9999.0000 -9999.0000 -9999.0000 -9999.0000 -9999.0000 -9999.0000 -9999.0000 -9999.0000 -9999.0000 -9999.0000 -9999.0000 -9999.0000 -9999.0000 180.5075 165.5609 155.8294 150.9526 145.0821 139.8370 136.1492
102.0373 103.7827 104.1561 100.7698 99.4584 107.5086 112.0538 114.2830 116.2858 120.9623 128.1130 132.6427 137.8429 140.1647 -9999.0000 -9999.0000 -9999.0000 -9999.0000 -9999.0000 -9999.0000 169.1011 168.4925 160.3284 158.1474 156.6502 157.8323 167.1707 181.2280 -9999.0000 -9999.0000 -9999.0000 -9999.0000 197.9520 199.9182 197.9953 201.8890 205.5229 209.4000 -9999.0000 -9999.0000 -9999.0000 -9999.0000 -9999.0000 -9999.0000 -9999.0000 -9999.0000 -9999.0000 -9999.0000 -9999.0000 -9999.0000 -9999.0000 -9999.0000 183.5395 170.3457 161.2810 154.1240 147.6675 145.4450 141.9011
100.4000 -9999.0000 100.2093 99.0714 96.9811 100.3514 102.4816 111.0797 114.0901 118.8111 122.7743 127.8356 131.9377 136.3000 -9999.0000 -9999.0000 -9999.0000 -9999.0000 -9999.0000 -9999.0000 -9999.0000 174.2919 164.8919 157.8640 155.4716 156.1737 164.6990 174.4439 176.4892 -9999.0000 -9999.0000 -9999.0000 198.2787 196.5832 196.2918 203.7000 203.7506 -9999.0000 -9999.0000 -9999.0000 -9999.0000 -9999.0000 -9999.0000 -9999.0000 -9999.0000 -9999.0000 -9999.0000 -9999.0000 -9999.0000 -9999.0000 -9999.0000 188.6731 182.9454 178.3622 166.5278 158.0032 155.1650 149.7555 146.1706
-9999.0000 -9999.0000 94.1660 96.2899 97.1654 100.7230 104.3990 102.3786 108.3904 113.2884 119.9245 125.9515 128.5749 -9999.0000 -9999.0000 -9999.0000 -9999.0000 -9999.0000 -9999.0000 -9999.0000 -9999.0000 171.8065 171.3631 162.2148 157.8616 158.2612 163.9849 173.7958 173.5320 -9999.0000 -9999.0000 -9999.0000 197.6139 198.3346 197.6440 197.4953 197.7834 -9999.0000 -9999.0000 -9999.0000 -9999.0000 -9999.0000 -9999.0000 -9999.0000 -9999.0000 -9999.0000 -9999.0000 -9999.0000 -9999.0000 -9999.0000 -9999.0000 196.2751 186.2046 -9999.0000 -9999.0000 168.5262 161.2552 155.2203 149.9069
