example_data/selke/layers/q_top.asc
ncols 206
nrows 204
xllcorner 4432837.5
yllcorner 5724937.5
cellsize 200.0
NODATA_value -9999.0
[rows 52 to 77 of 204, columns 59 to 117 of 206]
90.0000 89.8000 92.4000 95.0000 100.0000 104.6000 106.1000 105.1000 -9999.0000 -9999.0000 104.1000 100.0000 99.1000 100.5000 104.0000 106.4000 102.2000 105.6000 110.7000 117.3000 127.4000 -9999.0000 -9999.0000 -9999.0000 -9999.0000 -9999.0000 -9999.0000 156.6000 148.4000 142.2000 144.6000 -9999.0000 -9999.0000 -9999.0000 -9999.0000 -9999.0000 -9999.0000 -9999.0000 -9999.0000 -9999.0000 -9999.0000 -9999.0000 -9999.0000 -9999.0000 -9999.0000 -9999.0000 -9999.0000 -9999.0000 -9999.0000 -9999.0000 -9999.0000 -9999.0000 -9999.0000 91.3000 82.8453 82.7932 84.8175 84.4000 85.4469
90.4000 94.1000 96.9000 100.2000 103.8000 107.4000 110.9000 -9999.0000 -9999.0000 -9999.0000 -9999.0000 -9999.0000 102.3000 103.2000 104.9000 105.8000 104.2000 104.6000 114.8000 120.2000 126.8000 127.0000 130.9000 -9999.0000 130.1000 129.1000 125.4000 125.7000 127.2000 127.2000 127.7000 128.4000 130.9000 -9999.0000 -9999.0000 -9999.0000 -9999.0000 -9999.0000 -9999.0000 -9999.0000 -9999.0000 -9999.0000 -9999.0000 -9999.0000 -9999.0000 -9999.0000 -9999.0000 -9999.0000 -9999.0000 -9999.0000 -9999.0000 -9999.0000 -9999.0000 -9999.0000 93.3000 90.2000 88.7000 88.7000 87.7000
90.4000 98.4000 101.2000 106.7000 109.1000 110.4000 113.0000 -9999.0000 -9999.0000 -9999.0000 -9999.0000 -9999.0000 -9999.0000 108.4000 107.0000 105.2000 105.3000 105.7000 108.5000 117.9000 127.1000 133.7000 136.1000 134.0000 126.4000 126.5000 127.6000 128.2000 129.5000 129.7000 130.1000 130.2000 130.9000 131.4000 132.9000 135.4000 135.0000 136.6000 134.6000 136.8000 -9999.0000 -9999.0000 -9999.0000 -9999.0000 -9999.0000 -9999.0000 -9999.0000 -9999.0000 -9999.0000 -9999.0000 -9999.0000 -9999.0000 -9999.0000 -9999.0000 -9999.0000 93.2000 91.7000 90.0000 89.1000
92.8827 100.7000 103.8000 106.5000 110.0000 112.2000 115.2000 -9999.0000 -9999.0000 -9999.0000 -9999.0000 -9999.0000 -9999.0000 -9999.0000 113.2000 110.5000 106.7000 106.3000 107.4000 113.6000 125.2000 132.3000 135.4000 134.7000 127.2000 136.8000 135.7000 136.3000 137.3000 136.0000 133.6000 133.6000 134.6000 135.5000 135.0000 135.1000 135.0000 135.8000 134.6000 135.3000 136.4000 136.7000 -9999.0000 -9999.0000 -9999.0000 -9999.0000 -9999.0000 -9999.0000 -9999.0000 -9999.0000 -9999.0000 -9999.0000 -9999.0000 -9999.0000 -9999.0000 97.4000 95.2000 92.7000 88.4000
93.4333 102.2000 104.8000 106.0000 108.3000 111.2000 113.7000 114.4000 -9999.0000 -9999.0000 -9999.0000 -9999.0000 -9999.0000 -9999.0000 -9999.0000 120.0000 114.0000 112.0000 108.6000 110.4000 120.7000 131.6000 133.4000 129.7000 128.3000 140.1000 140.2000 139.6000 138.7000 137.9000 138.2000 138.2000 139.0000 139.1000 139.1000 138.8000 138.4000 138.6000 138.4000 137.6000 137.1000 136.9000 136.8000 -9999.0000 -9999.0000 -9999.0000 -9999.0000 -9999.0000 -9999.0000 -9999.0000 -9999.0000 -9999.0000 -9999.0000 -9999.0000 -9999.0000 104.6000 100.5000 95.4000 91.3000
90.2608 99.3000 103.5000 106.4000 106.7000 110.0000 114.4000 117.6000 123.3000 -9999.0000 -9999.0000 -9999.0000 -9999.0000 -9999.0000 -9999.0000 -9999.0000 121.4000 122.8000 115.6000 110.9000 113.1000 118.6000 123.1000 120.0000 -9999.0000 141.9000 143.6000 142.4000 141.1000 141.6000 142.0000 142.2000 143.0000 142.9000 142.8000 143.4000 142.6000 142.1000 141.3000 141.3000 140.6000 138.6000 136.4000 136.5000 -9999.0000 -9999.0000 -9999.0000 -9999.0000 -9999.0000 -9999.0000 -9999.0000 -9999.0000 -9999.0000 -9999.0000 -9999.0000 110.7000 106.0000 97.6000 94.2000
95.6000 98.8000 101.6000 106.0000 106.4000 108.8000 112.2000 117.0000 121.9000 128.0000 -9999.0000 -9999.0000 -9999.0000 -9999.0000 -9999.0000 -9999.0000 -9999.0000 -9999.0000 122.7000 116.2000 113.6000 114.7000 116.6000 122.1000 -9999.0000 -9999.0000 144.6000 144.2000 145.2000 146.8000 147.9000 149.0000 149.9000 149.6000 152.6000 152.2000 149.8000 148.7000 146.8000 144.9000 143.6000 141.6000 139.3000 136.7000 135.7000 136.1000 -9999.0000 -9999.0000 -9999.0000 -9999.0000 -9999.0000 -9999.0000 -9999.0000 -9999.0000 -9999.0000 -9999.0000 115.1000 103.5000 99.0000
96.2000 96.8000 99.6000 103.1000 104.7000 107.6000 111.6000 115.1000 121.9000 128.5000 134.3000 141.1000 -9999.0000 -9999.0000 -9999.0000 -9999.0000 -9999.0000 -9999.0000 -9999.0000 -9999.0000 120.3000 117.9000 122.9000 121.5000 122.3000 -9999.0000 -9999.0000 145.7000 149.9000 -9999.0000 -9999.0000 -9999.0000 -9999.0000 -9999.0000 -9999.0000 -9999.0000 -9999.0000 158.2000 154.9000 149.6000 147.8000 145.5000 143.0000 140.2000 138.0000 135.5000 135.5000 137.6000 -9999.0000 -9999.0000 -9999.0000 -9999.0000 -9999.0000 -9999.0000 -9999.0000 -9999.0000 122.4000 110.6000 101.2000
98.5000 97.8000 99.5000 105.8000 107.3000 110.0000 115.1000 119.5000 122.4000 128.2000 133.5000 140.7000 144.6000 150.6000 -9999.0000 -9999.0000 -9999.0000 -9999.0000 -9999.0000 134.5000 124.2000 126.1000 130.2000 131.7000 134.9000 128.5000 -9999.0000 -9999.0000 -9999.0000 -9999.0000 -9999.0000 -9999.0000 -9999.0000 -9999.0000 -9999.0000 -9999.0000 -9999.0000 -9999.0000 -9999.0000 -9999.0000 153.5000 150.2000 147.1000 143.9000 140.5000 137.6000 135.6000 134.2000 132.9000 -9999.0000 -9999.0000 -9999.0000 -9999.0000 -9999.0000 -9999.0000 -9999.0000 -9999.0000 121.5000 110.6000
101.5000 99.3000 100.1000 104.7000 107.1000 112.7000 117.0000 121.6000 125.8000 129.6000 133.6000 139.3000 145.7000 152.1000 157.0000 -9999.0000 -9999.0000 -9999.0000 -9999.0000 142.8000 126.9000 128.3000 137.2000 135.2000 135.9000 130.0000 -9999.0000 -9999.0000 -9999.0000 -9999.0000 -9999.0000 -9999.0000 -9999.0000 -9999.0000 -9999.0000 -9999.0000 -9999.0000 -9999.0000 -9999.0000 -9999.0000 -9999.0000 -9999.0000 152.9000 149.1000 143.0000 140.4000 139.3000 136.9000 134.5000 133.0000 132.3000 -9999.0000 -9999.0000 -9999.0000 -9999.0000 -9999.0000 -9999.0000 -9999.0000 121.1000
99.9938 104.2000 102.5000 103.4000 108.2000 111.2000 115.7000 120.1000 124.7000 128.7000 133.0000 139.1000 145.9000 152.0000 154.8000 157.0000 -9999.0000 -9999.0000 168.5000 152.5000 128.8000 135.7000 142.3000 140.9000 138.3000 133.0000 147.3000 -9999.0000 -9999.0000 -9999.0000 -9999.0000 -9999.0000 -9999.0000 -9999.0000 -9999.0000 172.9000 -9999.0000 -9999.0000 -9999.0000 -9999.0000 -9999.0000 -9999.0000 -9999.0000 -9999.0000 -9999.0000 -9999.0000 -9999.0000 -9999.0000 137.6000 134.5000 132.4000 130.6000 131.3000 -9999.0000 -9999.0000 -9999.0000 -9999.0000 -9999.0000 -9999.0000
100.6542 101.9000 103.8000 104.7000 104.9000 110.3000 114.0000 117.7000 119.7000 125.8000 132.8000 138.8000 142.2000 145.6000 151.4000 -9999.0000 -9999.0000 169.9000 170.8000 156.5000 136.2000 138.8000 146.5000 147.3000 146.4000 137.2000 136.6000 141.1000 146.7000 -9999.0000 -9999.0000 -9999.0000 -9999.0000 -9999.0000 176.5000 -9999.0000 -9999.0000 -9999.0000 -9999.0000 -9999.0000 -9999.0000 -9999.0000 -9999.0000 -9999.0000 -9999.0000 -9999.0000 -9999.0000 -9999.0000 -9999.0000 -9999.0000 132.1000 129.9000 129.2000 131.2000 -9999.0000 -9999.0000 -9999.0000 -9999.0000 -9999.0000
101.0726 104.6000 104.1000 105.2000 107.1000 108.9000 111.1000 113.4000 116.9000 123.8000 131.0000 136.3000 140.2000 145.3000 -9999.0000 -9999.0000 -9999.0000 175.6000 173.7000 158.0000 140.5000 149.6000 152.0000 153.1000 151.7000 140.2000 150.7000 149.6000 148.7000 -9999.0000 -9999.0000 -9999.0000 182.4000 181.4000 183.2000 -9999.0000 -9999.0000 -9999.0000 -9999.0000 -9999.0000 -9999.0000 -9999.0000 -9999.0000 -9999.0000 -9999.0000 -9999.0000 -9999.0000 -9999.0000 -9999.0000 -9999.0000 -9999.0000 131.2000 129.1000 128.9000 -9999.0000 -9999.0000 -9999.0000 -9999.0000 -9999.0000
103.6000 104.0000 104.3000 105.4000 108.2000 111.1000 113.8000 114.9000 118.0000 122.1000 127.2000 135.4000 141.7000 149.3000 -9999.0000 -9999.0000 -9999.0000 172.2000 176.8000 166.5000 150.4000 151.2000 157.7000 156.7000 151.7000 -9999.0000 -9999.0000 -9999.0000 168.8000 159.3000 155.0000 168.6000 169.6000 173.2000 -9999.0000 -9999.0000 -9999.0000 -9999.0000 -9999.0000 -9999.0000 -9999.0000 -9999.0000 -9999.0000 -9999.0000 -9999.0000 -9999.0000 -9999.0000 -9999.0000 -9999.0000 -9999.0000 -9999.0000 -9999.0000 -9999.0000 -9999.0000 -9999.0000 -9999.0000 -9999.0000 -9999.0000 -9999.0000
102.6000 103.9000 103.8000 105.3000 109.2000 113.5000 116.7000 118.4000 118.8000 125.6000 130.3000 136.0000 141.7000 146.5000 -9999.0000 -9999.0000 -9999.0000 -9999.0000 181.2000 176.4000 160.4000 154.9000 159.3000 156.8000 153.4000 -9999.0000 -9999.0000 -9999.0000 -9999.0000 175.6000 168.2000 164.6000 167.7000 175.5000 -9999.0000 -9999.0000 -9999.0000 -9999.0000 -9999.0000 -9999.0000 -9999.0000 -9999.0000 -9999.0000 -9999.0000 -9999.0000 -9999.0000 -9999.0000 -9999.0000 -9999.0000 -9999.0000 -9999.0000 -9999.0000 -9999.0000 -9999.0000 -9999.0000 -9999.0000 -9999.0000 -9999.0000 -9999.0000
102.6000 105.2000 103.6000 105.0000 109.0000 113.5000 117.8000 121.6000 123.6000 125.5000 128.0000 135.1000 139.8000 144.4000 -9999.0000 -9999.0000 -9999.0000 -9999.0000 -9999.0000 -9999.0000 171.1000 161.6000 160.1000 157.4000 154.1000 -9999.0000 -9999.0000 -9999.0000 -9999.0000 193.1000 191.4000 183.2000 168.9000 181.4000 -9999.0000 -9999.0000 -9999.0000 -9999.0000 -9999.0000 -9999.0000 -9999.0000 -9999.0000 -9999.0000 -9999.0000 -9999.0000 -9999.0000 -9999.0000 -9999.0000 -9999.0000 -9999.0000 -9999.0000 -9999.0000 -9999.0000 -9999.0000 -9999.0000 -9999.0000 -9999.0000 -9999.0000 -9999.0000
106.5000 104.7000 104.1000 105.6000 107.6000 111.3000 117.5000 121.5000 123.2000 126.4000 131.1000 131.6000 138.9000 144.6000 156.4000 -9999.0000 -9999.0000 -9999.0000 -9999.0000 -9999.0000 177.8000 168.9000 162.9000 158.8000 153.2000 160.7000 -9999.0000 -9999.0000 -9999.0000 195.2000 193.7000 182.7000 187.8000 182.3000 -9999.0000 -9999.0000 -9999.0000 -9999.0000 -9999.0000 -9999.0000 -9999.0000 -9999.0000 -9999.0000 -9999.0000 -9999.0000 -9999.0000 -9999.0000 -9999.0000 -9999.0000 -9999.0000 -9999.0000 -9999.0000 -9999.0000 -9999.0000 -9999.0000 -9999.0000 -9999.0000 -9999.0000 -9999.0000
106.5000 105.7000 104.9000 105.5000 108.4000 113.3000 117.5000 118.4000 122.2000 125.9000 129.6000 134.5000 140.0000 146.1000 158.3000 -9999.0000 -9999.0000 -9999.0000 -9999.0000 -9999.0000 181.1000 171.5000 167.5000 162.5000 157.7000 159.5000 -9999.0000 -9999.0000 -9999.0000 192.1000 188.6000 193.3000 202.3000 201.8000 -9999.0000 -9999.0000 -9999.0000 -9999.0000 -9999.0000 -9999.0000 -9999.0000 -9999.0000 -9999.0000 -9999.0000 -9999.0000 -9999.0000 -9999.0000 -9999.0000 -9999.0000 -9999.0000 -9999.0000 -9999.0000 -9999.0000 -9999.0000 -9999.0000 -9999.0000 -9999.0000 127.7000 124.4000
108.6000 106.6000 106.2000 108.1000 111.9000 116.4000 120.4000 122.6000 127.1000 131.7000 134.5000 137.4000 143.2000 150.1000 156.2000 -9999.0000 -9999.0000 -9999.0000 -9999.0000 -9999.0000 186.0000 174.8000 170.2000 165.6000 160.1000 -9999.0000 -9999.0000 -9999.0000 -9999.0000 197.6000 194.6000 195.3000 198.2000 201.0000 203.2000 209.1000 -9999.0000 -9999.0000 -9999.0000 -9999.0000 -9999.0000 -9999.0000 -9999.0000 -9999.0000 -9999.0000 -9999.0000 -9999.0000 -9999.0000 -9999.0000 -9999.0000 -9999.0000 -9999.0000 -9999.0000 -9999.0000 -9999.0000 -9999.0000 136.7000 131.6000 125.1000
107.7000 107.6000 108.1000 109.8000 114.3000 117.9000 120.6000 122.8000 127.7000 133.8000 140.1000 142.1000 145.9000 148.9000 -9999.0000 -9999.0000 -9999.0000 -9999.0000 -9999.0000 -9999.0000 186.3000 176.3000 172.6000 167.4000 162.2000 -9999.0000 -9999.0000 -9999.0000 -9999.0000 200.3000 196.3000 193.5000 193.4000 195.6000 197.8000 199.7000 202.5000 -9999.0000 -9999.0000 -9999.0000 -9999.0000 -9999.0000 -9999.0000 -9999.0000 -9999.0000 -9999.0000 -9999.0000 -9999.0000 -9999.0000 -9999.0000 -9999.0000 -9999.0000 -9999.0000 -9999.0000 -9999.0000 -9999.0000 137.4000 133.3000 128.4000
107.9000 107.7000 110.7000 112.5000 114.7000 118.8000 120.4000 122.2000 125.5000 130.8000 134.4000 138.8000 142.6000 148.1000 -9999.0000 -9999.0000 -9999.0000 -9999.0000 -9999.0000 -9999.0000 182.4000 175.7000 172.6000 167.8000 162.6000 -9999.0000 -9999.0000 -9999.0000 -9999.0000 -9999.0000 193.5000 194.2000 190.0000 191.0000 193.1000 195.7000 201.1000 209.3000 -9999.0000 -9999.0000 -9999.0000 -9999.0000 -9999.0000 -9999.0000 -9999.0000 -9999.0000 -9999.0000 -9999.0000 -9999.0000 -9999.0000 -9999.0000 -9999.0000 -9999.0000 -9999.0000 153.8000 147.9000 142.1000 137.1000 133.5000
109.1000 109.5000 111.2000 112.7000 114.6000 117.8000 120.5000 122.2000 124.1000 128.1000 133.1000 136.8000 139.4000 148.0000 -9999.0000 -9999.0000 -9999.0000 -9999.0000 -9999.0000 -9999.0000 176.3000 174.3000 169.9000 167.2000 165.2000 168.6000 -9999.0000 -9999.0000 -9999.0000 -9999.0000 -9999.0000 190.6000 194.4000 195.8000 194.1000 196.1000 198.3000 205.7000 -9999.0000 -9999.0000 -9999.0000 -9999.0000 -9999.0000 -9999.0000 -9999.0000 -9999.0000 -9999.0000 -9999.0000 -9999.0000 -9999.0000 -9999.0000 -9999.0000 170.5000 163.7000 158.6000 153.0000 148.8000 141.4000 135.1000
106.3617 105.7812 110.4000 111.1000 111.7000 114.5000 117.0000 119.5000 121.3000 126.8000 134.4000 139.9000 143.9000 146.8000 151.2000 -9999.0000 -9999.0000 -9999.0000 -9999.0000 -9999.0000 174.7000 173.0000 170.1000 170.3000 167.5000 168.0000 176.1000 185.5000 -9999.0000 -9999.0000 -9999.0000 -9999.0000 203.2000 200.9000 199.6000 200.5000 202.0000 205.5000 208.8000 -9999.0000 -9999.0000 -9999.0000 -9999.0000 -9999.0000 -9999.0000 -9999.0000 -9999.0000 -9999.0000 -9999.0000 -9999.0000 -9999.0000 -9999.0000 191.3000 171.4000 162.1000 155.9000 150.5000 146.4000 140.4000
105.3271 106.2800 105.1561 101.7698 100.4584 109.8000 115.8000 119.3000 121.0000 125.0000 132.8000 135.6000 139.3000 141.6000 -9999.0000 -9999.0000 -9999.0000 -9999.0000 -9999.0000 -9999.0000 172.0000 175.7000 172.2000 171.3000 169.7000 167.6000 174.6000 185.2000 -9999.0000 -9999.0000 -9999.0000 -9999.0000 206.7000 205.3000 202.9000 203.5000 206.7000 210.4000 -9999.0000 -9999.0000 -9999.0000 -9999.0000 -9999.0000 -9999.0000 -9999.0000 -9999.0000 -9999.0000 -9999.0000 -9999.0000 -9999.0000 -9999.0000 -9999.0000 192.3000 176.0000 164.7000 159.1000 154.1000 147.9000 146.7000
101.4000 -9999.0000 103.8706 100.0714 97.9811 103.3228 103.4816 115.8000 119.5000 123.6000 126.5000 129.9000 133.5000 137.3000 -9999.0000 -9999.0000 -9999.0000 -9999.0000 -9999.0000 -9999.0000 -9999.0000 179.3000 175.9000 174.2000 173.0000 172.3000 173.6000 180.6000 186.7000 -9999.0000 -9999.0000 -9999.0000 205.4000 204.9000 202.9000 204.7000 209.5000 -9999.0000 -9999.0000 -9999.0000 -9999.0000 -9999.0000 -9999.0000 -9999.0000 -9999.0000 -9999.0000 -9999.0000 -9999.0000 -9999.0000 -9999.0000 -9999.0000 205.1000 195.3000 183.4000 172.2000 163.5000 158.6000 154.6000 150.3000
-9999.0000 -9999.0000 95.5000 97.2899 98.1654 101.7230 105.3990 103.3786 115.3000 118.3000 122.2000 127.5000 132.2000 -9999.0000 -9999.0000 -9999.0000 -9999.0000 -9999.0000 -9999.0000 -9999.0000 -9999.0000 186.5000 182.0000 178.0000 175.0000 173.1000 174.0000 178.9000 184.8000 -9999.0000 -9999.0000 -9999.0000 203.3000 202.0000 201.1000 201.2000 201.8000 -9999.0000 -9999.0000 -9999.0000 -9999.0000 -9999.0000 -9999.0000 -9999.0000 -9999.0000 -9999.0000 -9999.0000 -9999.0000 -9999.0000 -9999.0000 -9999.0000 201.9000 189.5000 -9999.0000 -9999.0000 175.0000 163.8000 158.1000 153.5000
