example_data/selke/layers/q_top.asc
ncols 206
nrows 204
xllcorner 4432837.5
yllcorner 5724937.5
cellsize 200.0
NODATA_value -9999.0
[rows 156 to 181 of 204, columns 59 to 117 of 206]
-9999.0000 -9999.0000 -9999.0000 -9999.0000 -9999.0000 -9999.0000 162.0000 -9999.0000 -9999.0000 -9999.0000 -9999.0000 -9999.0000 166.4000 168.7000 168.3000 168.2000 167.0000 165.9782 168.7000 169.5000 171.0000 173.4000 174.1995 173.4825 -9999.0000 -9999.0000 -9999.0000 -9999.0000 -9999.0000 -9999.0000 -9999.0000 164.2566 164.8160 163.0337 168.3000 168.2000 167.6000 167.2000 168.2000 169.2000 171.9000 172.3000 170.0000 167.2000 163.7000 161.2000 159.2000 157.7000 151.1440 151.0022 -9999.0000 -9999.0000 -9999.0000 -9999.0000 -9999.0000 -9999.0000 139.1975 152.8906 151.6674
-9999.0000 -9999.0000 -9999.0000 -9999.0000 -9999.0000 -9999.0000 -9999.0000 -9999.0000 -9999.0000 -9999.0000 -9999.0000 -9999.0000 178.5000 179.8000 179.8000 177.7000 176.5000 175.7000 175.1000 170.0855 171.6154 172.9633 174.4745 176.7373 174.5917 -9999.0000 -9999.0000 -9999.0000 -9999.0000 -9999.0000 167.2760 167.1028 165.3918 170.5000 170.2000 170.7000 170.0000 170.8000 172.7000 175.9000 176.3000 173.5000 170.4000 167.0000 164.2000 162.4000 161.1000 150.9396 150.0478 -9999.0000 -9999.0000 -9999.0000 -9999.0000 -9999.0000 -9999.0000 141.0208 140.6610 154.0053 152.2360
-9999.0000 -9999.0000 -9999.0000 -9999.0000 -9999.0000 177.0000 -9999.0000 -9999.0000 -9999.0000 -9999.0000 -9999.0000 201.6000 201.5000 205.2000 211.7000 209.2000 203.1000 195.8000 185.3000 178.2000 186.4000 195.3000 184.9000 176.1026 176.4165 -9999.0000 -9999.0000 -9999.0000 172.1413 171.2256 168.5368 173.6000 174.1000 173.7000 174.9000 175.2000 175.0000 175.6000 177.2000 180.5000 175.6000 172.4000 169.7000 168.4000 165.7000 164.8000 163.6000 162.6000 151.6269 -9999.0000 -9999.0000 -9999.0000 -9999.0000 -9999.0000 141.1546 143.5049 154.9936 154.3332 157.3000
-9999.0000 -9999.0000 -9999.0000 -9999.0000 -9999.0000 185.5000 195.2000 -9999.0000 -9999.0000 -9999.0000 233.8000 219.7000 215.4000 211.6000 207.2000 204.8000 199.3000 194.5000 189.5000 181.8000 187.3000 185.2000 183.7000 178.8353 176.6649 173.8489 174.3022 175.1265 172.7413 176.8000 176.9000 178.8000 178.7000 178.2000 179.3000 179.4000 179.0000 179.8000 179.9000 180.6000 178.3000 176.2000 174.5000 172.5000 171.1000 170.6000 169.1000 149.1241 -9999.0000 -9999.0000 -9999.0000 -9999.0000 -9999.0000 -9999.0000 143.7870 142.6844 158.2000 159.1000 161.4000
-9999.0000 -9999.0000 -9999.0000 -9999.0000 -9999.0000 202.2000 200.7000 205.1000 212.5000 217.0000 215.3000 212.7000 207.6000 203.8000 198.6000 196.2000 194.5000 192.1000 189.6000 189.4000 188.9000 189.0000 188.4000 183.0921 179.1678 178.5683 175.4615 181.9000 181.4000 180.8000 180.3000 180.9000 181.1000 181.8000 -9999.0000 -9999.0000 184.9000 186.1000 187.3000 186.8000 184.3000 184.5000 -9999.0000 -9999.0000 -9999.0000 -9999.0000 -9999.0000 -9999.0000 -9999.0000 -9999.0000 -9999.0000 -9999.0000 -9999.0000 -9999.0000 -9999.0000 162.6000 165.8000 169.3000 169.3000
-9999.0000 -9999.0000 -9999.0000 -9999.0000 232.7000 218.2000 209.6000 223.1000 221.5000 219.5000 217.4000 214.9000 210.9000 207.8000 204.9000 202.4000 199.0000 196.3000 193.8000 193.2000 193.1000 193.0000 192.3000 184.3124 181.2851 185.5000 186.1000 186.2000 186.9000 186.9000 187.5000 187.9000 -9999.0000 -9999.0000 -9999.0000 -9999.0000 -9999.0000 -9999.0000 197.7000 194.4000 191.1000 178.4000 -9999.0000 -9999.0000 -9999.0000 -9999.0000 -9999.0000 -9999.0000 -9999.0000 -9999.0000 -9999.0000 -9999.0000 -9999.0000 153.9189 -9999.0000 -9999.0000 -9999.0000 -9999.0000 177.1000
-9999.0000 -9999.0000 -9999.0000 -9999.0000 224.3000 219.4000 217.9000 224.9000 227.0000 226.9000 224.3000 221.8000 220.3000 217.1000 213.4000 210.2000 204.3000 200.9000 199.1000 197.9000 197.1000 196.4000 189.3000 189.3000 -9999.0000 -9999.0000 -9999.0000 -9999.0000 -9999.0000 -9999.0000 -9999.0000 -9999.0000 -9999.0000 -9999.0000 -9999.0000 -9999.0000 201.6000 201.8000 196.9000 162.2000 159.4614 159.6190 156.9407 -9999.0000 -9999.0000 -9999.0000 -9999.0000 -9999.0000 -9999.0000 -9999.0000 147.5385 151.5923 149.9608 154.0254 156.2398 159.2247 -9999.0000 -9999.0000 -9999.0000
-9999.0000 -9999.0000 -9999.0000 -9999.0000 247.1000 240.3000 238.3000 237.2000 239.0000 233.3000 226.7000 216.5671 214.1020 232.0000 219.5000 218.2000 213.0000 208.2000 204.1000 201.5000 199.7000 195.2000 191.9000 199.0000 204.5000 204.6000 204.7000 205.6000 203.4000 202.3000 200.8000 201.5000 200.8000 201.6000 198.4000 192.7000 188.1000 182.2000 177.2000 160.6176 160.7319 158.0334 157.0511 -9999.0000 -9999.0000 -9999.0000 -9999.0000 150.2690 156.1834 155.4868 154.3047 155.2558 161.7000 163.4000 163.3000 162.9000 160.7111 -9999.0000 -9999.0000
250.4000 -9999.0000 -9999.0000 246.9000 243.5000 239.3000 234.1000 230.3000 225.8729 222.3282 219.7307 215.9012 214.0695 212.3353 210.4384 209.4000 207.7000 204.2000 204.1000 196.8492 196.0000 195.7000 211.1000 213.1000 206.8000 203.6000 200.7000 199.1000 196.8000 195.3000 194.8000 193.0000 191.4000 190.1000 187.4000 183.9000 179.6000 175.3000 162.3032 161.6981 159.4230 152.1472 -9999.0000 -9999.0000 -9999.0000 156.6148 157.9493 158.3206 157.3623 155.3250 155.0158 166.2000 165.7000 164.4000 165.7000 167.8000 167.8000 167.5000 169.3000
238.3000 240.0000 243.0000 243.7000 239.0000 235.2000 230.0552 228.0959 226.2784 223.2445 -9999.0000 -9999.0000 -9999.0000 -9999.0000 -9999.0000 206.5193 203.9791 200.4823 197.9745 196.0350 196.5381 200.0000 201.9000 201.1000 199.6000 198.0000 195.6000 193.9000 192.1000 190.4000 189.6000 188.2000 186.6000 183.9000 181.5000 178.5000 163.9451 163.5091 162.6163 155.8979 157.9859 -9999.0000 -9999.0000 -9999.0000 153.7509 155.8778 169.3000 168.5000 168.1000 168.2000 169.0000 169.2000 169.1000 167.4000 168.0000 169.5000 170.2000 171.4000 173.0000
285.2000 245.4000 249.4000 243.3000 239.5000 231.7914 230.2588 230.0749 226.9097 226.1089 222.9024 218.9135 -9999.0000 -9999.0000 -9999.0000 -9999.0000 -9999.0000 200.7904 199.9457 196.5057 196.9376 202.2000 200.6000 198.4000 196.2000 193.6000 192.0000 189.9000 187.6000 185.7000 183.8000 182.3000 182.3000 181.1000 179.3000 165.3517 164.5778 163.7484 163.0870 158.6020 -9999.0000 -9999.0000 156.4514 156.5751 155.2015 173.0000 172.3000 170.8000 170.7000 171.5000 172.5000 172.3000 172.3000 171.0000 171.5000 172.9000 174.9000 176.6000 177.4000
-9999.0000 -9999.0000 275.0000 266.8000 254.5000 233.3425 237.9774 231.3052 227.6978 225.3070 221.9477 219.8659 217.1954 213.1901 -9999.0000 -9999.0000 -9999.0000 204.8009 202.6029 198.9980 205.7000 203.3000 200.5000 198.2000 194.2000 190.9000 188.0000 185.1000 182.5000 181.5000 179.1000 177.8000 175.5000 174.1000 176.2000 166.0848 165.3925 165.0502 155.3983 154.3817 -9999.0000 159.5835 154.7382 178.6000 179.1000 176.7000 175.6000 174.3000 174.9000 175.3000 176.8000 176.7000 175.9000 175.7000 177.5000 178.8000 181.9000 186.7000 185.5000
-9999.0000 -9999.0000 -9999.0000 -9999.0000 279.1000 259.6000 253.2000 245.7000 244.8000 239.2000 233.5000 220.7223 220.6538 215.4208 212.5908 212.2096 209.7193 205.8218 214.4000 211.5000 207.5000 203.8000 198.9000 193.0000 188.6000 185.8000 183.6000 183.0000 181.0000 180.2000 180.3000 179.2000 178.3000 175.5000 167.2186 167.3342 167.0518 166.8596 159.9199 153.2113 162.4549 160.7300 180.7000 183.2000 182.3000 182.2000 181.8000 180.6000 181.6000 182.0000 182.9000 179.8000 180.0000 182.2000 189.4000 195.5000 201.1000 198.0000 194.5000
-9999.0000 -9999.0000 -9999.0000 -9999.0000 -9999.0000 271.4000 251.8000 269.7000 256.9000 245.8000 238.8000 234.8000 225.1743 220.8134 217.8429 213.0907 220.0000 220.4000 218.3000 214.5000 209.4000 203.0000 197.8000 193.6000 190.4000 189.0000 189.7000 187.1000 186.2000 186.7000 188.6000 189.0000 187.5000 186.0000 168.4086 168.2000 168.5260 167.3382 164.9627 165.6631 160.9300 181.3000 187.2000 192.8000 199.7000 201.6000 200.0000 204.4000 205.1000 202.7000 197.8000 190.7000 187.6000 201.0000 207.0000 211.4000 202.6000 196.3000 193.0000
-9999.0000 -9999.0000 -9999.0000 -9999.0000 -9999.0000 -9999.0000 -9999.0000 -9999.0000 263.7000 254.0000 243.5000 238.2000 223.9245 225.7859 221.4807 224.9000 225.8000 225.6000 219.7000 215.7000 218.3000 215.4000 207.0000 202.0000 199.6000 197.1000 191.0000 190.3000 188.0000 190.5000 193.8000 196.5000 196.4000 191.9000 169.0163 169.0471 169.3546 168.6332 167.7026 169.7657 184.9000 188.0000 199.8000 204.5000 216.5000 219.8000 221.7000 219.5000 210.6000 206.6000 197.5000 187.4000 211.5000 219.6000 213.5000 208.0000 205.0000 205.4000 204.5000
-9999.0000 -9999.0000 -9999.0000 -9999.0000 -9999.0000 -9999.0000 -9999.0000 -9999.0000 267.8000 260.5000 257.0000 243.1000 252.2000 238.2000 233.1000 229.8000 232.4000 230.7000 226.0000 -9999.0000 235.9000 262.9000 228.9000 217.2000 207.4000 199.3000 197.2000 195.2000 195.5000 198.3000 205.5000 205.1000 201.2000 169.9009 169.8744 169.9018 169.6445 168.9050 175.4411 188.5000 192.7000 194.7000 197.8000 208.4000 210.7000 214.3000 216.3000 213.2000 207.5000 202.7000 196.6000 201.3000 225.5000 221.6000 214.2000 215.6000 216.7000 216.9000 206.9000
-9999.0000 -9999.0000 -9999.0000 -9999.0000 -9999.0000 -9999.0000 -9999.0000 -9999.0000 -9999.0000 283.1000 265.3000 249.2000 255.8000 256.2000 247.2000 240.1000 238.7000 234.4000 -9999.0000 -9999.0000 -9999.0000 -9999.0000 228.7000 216.1000 208.0000 204.2000 204.4000 203.7000 204.2000 206.2000 210.1000 208.8000 204.3000 171.5084 170.8120 171.3572 168.9696 186.6000 -9999.0000 198.5000 203.9000 207.8000 209.1000 212.3000 218.7000 221.9000 -9999.0000 -9999.0000 217.6000 216.6000 203.8000 195.9000 209.0000 219.8000 219.0000 216.9000 221.2000 215.1000 -9999.0000
-9999.0000 -9999.0000 -9999.0000 -9999.0000 -9999.0000 -9999.0000 -9999.0000 -9999.0000 -9999.0000 -9999.0000 263.2000 -9999.0000 -9999.0000 289.9000 275.0000 261.7000 243.4000 243.7000 -9999.0000 -9999.0000 -9999.0000 250.0000 230.9000 219.8000 211.4000 211.6000 213.3000 215.1000 214.9000 214.8000 213.0000 207.7000 194.7000 173.2824 172.0646 169.6895 174.1233 -9999.0000 -9999.0000 -9999.0000 -9999.0000 -9999.0000 242.8000 -9999.0000 -9999.0000 -9999.0000 -9999.0000 -9999.0000 232.5000 228.3000 225.1000 219.1000 203.9000 211.4000 221.2000 224.6000 224.7000 -9999.0000 -9999.0000
-9999.0000 -9999.0000 -9999.0000 -9999.0000 -9999.0000 -9999.0000 -9999.0000 -9999.0000 -9999.0000 -9999.0000 -9999.0000 -9999.0000 -9999.0000 -9999.0000 -9999.0000 -9999.0000 -9999.0000 -9999.0000 -9999.0000 -9999.0000 -9999.0000 -9999.0000 230.6000 222.0000 220.5000 221.9000 231.4000 229.7000 219.7000 209.8000 205.2000 196.3000 177.1282 175.8483 175.5000 175.2956 189.9000 -9999.0000 -9999.0000 -9999.0000 -9999.0000 -9999.0000 -9999.0000 -9999.0000 -9999.0000 -9999.0000 -9999.0000 -9999.0000 255.6000 248.8000 243.3000 232.7000 206.7000 -9999.0000 -9999.0000 -9999.0000 -9999.0000 -9999.0000 -9999.0000
-9999.0000 -9999.0000 -9999.0000 -9999.0000 -9999.0000 -9999.0000 -9999.0000 -9999.0000 -9999.0000 -9999.0000 -9999.0000 -9999.0000 -9999.0000 -9999.0000 -9999.0000 -9999.0000 -9999.0000 -9999.0000 -9999.0000 -9999.0000 -9999.0000 -9999.0000 248.4000 239.3000 228.9000 -9999.0000 -9999.0000 -9999.0000 237.3000 219.8000 207.6000 180.6829 179.3000 178.6000 176.6000 189.0000 -9999.0000 -9999.0000 -9999.0000 -9999.0000 -9999.0000 -9999.0000 -9999.0000 -9999.0000 -9999.0000 -9999.0000 -9999.0000 286.2000 283.2000 261.2000 248.9000 238.2000 -9999.0000 -9999.0000 -9999.0000 -9999.0000 -9999.0000 -9999.0000 -9999.0000
-9999.0000 -9999.0000 -9999.0000 -9999.0000 -9999.0000 -9999.0000 -9999.0000 -9999.0000 -9999.0000 -9999.0000 -9999.0000 -9999.0000 -9999.0000 -9999.0000 -9999.0000 -9999.0000 -9999.0000 -9999.0000 -9999.0000 -9999.0000 -9999.0000 -9999.0000 -9999.0000 -9999.0000 -9999.0000 -9999.0000 -9999.0000 254.5000 236.6000 217.8000 206.2000 181.6437 179.5000 179.1000 178.3000 192.5000 -9999.0000 -9999.0000 -9999.0000 -9999.0000 -9999.0000 -9999.0000 -9999.0000 -9999.0000 -9999.0000 -9999.0000 -9999.0000 292.4000 265.6000 252.6000 242.8000 237.0000 -9999.0000 -9999.0000 -9999.0000 -9999.0000 -9999.0000 -9999.0000 -9999.0000
-9999.0000 -9999.0000 -9999.0000 -9999.0000 -9999.0000 -9999.0000 -9999.0000 -9999.0000 -9999.0000 -9999.0000 -9999.0000 -9999.0000 -9999.0000 -9999.0000 -9999.0000 -9999.0000 -9999.0000 -9999.0000 -9999.0000 -9999.0000 -9999.0000 -9999.0000 -9999.0000 -9999.0000 -9999.0000 -9999.0000 -9999.0000 -9999.0000 217.7000 205.9000 182.7728 182.6622 180.9000 180.0911 191.2000 -9999.0000 -9999.0000 -9999.0000 -9999.0000 -9999.0000 -9999.0000 -9999.0000 -9999.0000 -9999.0000 -9999.0000 -9999.0000 273.7000 259.1000 238.6000 235.7000 228.6000 -9999.0000 -9999.0000 -9999.0000 -9999.0000 -9999.0000 261.9000 262.6000 262.4000
-9999.0000 -9999.0000 -9999.0000 -9999.0000 -9999.0000 -9999.0000 -9999.0000 -9999.0000 -9999.0000 -9999.0000 -9999.0000 -9999.0000 -9999.0000 -9999.0000 -9999.0000 -9999.0000 -9999.0000 -9999.0000 -9999.0000 -9999.0000 -9999.0000 -9999.0000 -9999.0000 -9999.0000 -9999.0000 -9999.0000 -9999.0000 -9999.0000 232.1000 183.8294 183.7421 182.0000 179.9806 180.6599 -9999.0000 -9999.0000 -9999.0000 -9999.0000 -9999.0000 -9999.0000 -9999.0000 -9999.0000 -9999.0000 -9999.0000 -9999.0000 -9999.0000 260.7000 242.1000 259.2000 265.4000 239.1000 -9999.0000 -9999.0000 -9999.0000 -9999.0000 270.2000 267.6000 264.0000 259.9000
-9999.0000 -9999.0000 -9999.0000 -9999.0000 -9999.0000 -9999.0000 -9999.0000 -9999.0000 -9999.0000 -9999.0000 -9999.0000 -9999.0000 -9999.0000 -9999.0000 -9999.0000 -9999.0000 -9999.0000 -9999.0000 -9999.0000 -9999.0000 -9999.0000 -9999.0000 -9999.0000 -9999.0000 -9999.0000 -9999.0000 -9999.0000 -9999.0000 -9999.0000 184.7446 183.0014 181.2932 181.4389 -9999.0000 -9999.0000 -9999.0000 -9999.0000 -9999.0000 -9999.0000 -9999.0000 -9999.0000 -9999.0000 -9999.0000 -9999.0000 279.7000 -9999.0000 -9999.0000 -9999.0000 281.6000 269.3000 252.0000 -9999.0000 -9999.0000 -9999.0000 -9999.0000 274.3000 269.3000 261.3000 255.9000
-9999.0000 -9999.0000 -9999.0000 -9999.0000 -9999.0000 -9999.0000 -9999.0000 -9999.0000 -9999.0000 -9999.0000 -9999.0000 -9999.0000 -9999.0000 -9999.0000 -9999.0000 -9999.0000 -9999.0000 -9999.0000 -9999.0000 -9999.0000 -9999.0000 -9999.0000 -9999.0000 -9999.0000 -9999.0000 -9999.0000 -9999.0000 -9999.0000 183.2875 183.0307 181.7251 182.0066 -9999.0000 -9999.0000 -9999.0000 -9999.0000 -9999.0000 -9999.0000 -9999.0000 -9999.0000 -9999.0000 -9999.0000 -9999.0000 -9999.0000 -9999.0000 -9999.0000 -9999.0000 -9999.0000 292.0000 278.6000 265.0000 248.7000 -9999.0000 -9999.0000 -9999.0000 268.2000 262.8000 256.1000 253.2000
-9999.0000 -9999.0000 -9999.0000 -9999.0000 -9999.0000 -9999.0000 -9999.0000 -9999.0000 -9999.0000 -9999.0000 -9999.0000 -9999.0000 -9999.0000 -9999.0000 -9999.0000 -9999.0000 -9999.0000 -9999.0000 -9999.0000 -9999.0000 -9999.0000 -9999.0000 -9999.0000 -9999.0000 -9999.0000 -9999.0000 -9999.0000 -9999.0000 182.4218 182.0872 182.2477 207.8000 -9999.0000 -9999.0000 -9999.0000 -9999.0000 -9999.0000 -9999.0000 -9999.0000 -9999.0000 -9999.0000 -9999.0000 -9999.0000 -9999.0000 -9999.0000 -9999.0000 -9999.0000 296.1000 290.9000 282.5000 270.4000 262.2000 -9999.0000 267.3000 264.3000 262.9000 -9999.0000 -9999.0000 -9999.0000
