example_data/selke/layers/q_top.asc
ncols 206
nrows 204
xllcorner 4432837.5
yllcorner 5724937.5
cellsize 200.0
NODATA_value -9999.0
[rows 130 to 155 of 204, columns 59 to 117 of 206]
129.9675 128.4000 127.5000 127.8000 125.7000 -9999.0000 -9999.0000 -9999.0000 -9999.0000 -9999.0000 -9999.0000 -9999.0000 132.3000 132.7000 133.2000 132.7000 130.8000 133.8000 134.7000 136.0000 137.2000 138.6000 138.4000 139.8000 140.5000 -9999.0000 -9999.0000 -9999.0000 140.1000 139.4000 138.6000 137.2000 136.1000 135.2000 134.1000 132.5000 131.2000 126.2000 119.7017 -9999.0000 -9999.0000 -9999.0000 -9999.0000 -9999.0000 -9999.0000 -9999.0000 -9999.0000 -9999.0000 -9999.0000 -9999.0000 -9999.0000 -9999.0000 -9999.0000 -9999.0000 -9999.0000 -9999.0000 -9999.0000 -9999.0000 -9999.0000
130.1118 132.3000 129.6000 128.4000 127.9000 126.9000 126.4000 -9999.0000 -9999.0000 -9999.0000 -9999.0000 -9999.0000 134.6000 134.6000 134.2000 134.2000 132.2000 135.1000 136.6000 137.6000 139.1000 140.5000 141.7000 142.3000 142.5000 -9999.0000 -9999.0000 -9999.0000 140.8000 139.6000 138.4000 137.0000 136.0000 134.8000 133.8000 131.8000 125.4098 122.0864 118.8169 -9999.0000 -9999.0000 -9999.0000 -9999.0000 -9999.0000 -9999.0000 -9999.0000 -9999.0000 -9999.0000 -9999.0000 -9999.0000 -9999.0000 -9999.0000 -9999.0000 -9999.0000 -9999.0000 -9999.0000 -9999.0000 -9999.0000 -9999.0000
129.8464 132.2000 131.6000 130.2000 129.6000 129.6000 129.3000 129.5000 -9999.0000 -9999.0000 -9999.0000 -9999.0000 134.3000 134.7000 135.2000 135.3000 134.5000 133.4000 136.8000 137.8000 138.9000 140.3000 141.3000 141.6000 141.7000 141.3000 -9999.0000 -9999.0000 -9999.0000 138.8000 137.6000 136.2000 135.5000 135.0000 132.4000 131.7000 128.0628 126.0802 -9999.0000 -9999.0000 -9999.0000 -9999.0000 -9999.0000 -9999.0000 -9999.0000 -9999.0000 -9999.0000 -9999.0000 -9999.0000 -9999.0000 -9999.0000 -9999.0000 -9999.0000 -9999.0000 -9999.0000 -9999.0000 -9999.0000 -9999.0000 -9999.0000
137.0000 135.6000 134.0000 133.8000 133.0000 132.2000 131.9000 131.1000 131.6000 131.8000 -9999.0000 -9999.0000 -9999.0000 135.3000 135.9000 136.4000 135.6000 134.0000 134.2000 136.0000 138.4000 138.3000 138.8000 140.0000 140.1000 140.0000 -9999.0000 -9999.0000 -9999.0000 140.8000 140.8000 140.3000 139.8000 137.8000 135.6000 134.4000 130.8194 127.5360 -9999.0000 -9999.0000 -9999.0000 -9999.0000 -9999.0000 -9999.0000 -9999.0000 -9999.0000 -9999.0000 -9999.0000 -9999.0000 -9999.0000 -9999.0000 -9999.0000 -9999.0000 -9999.0000 -9999.0000 -9999.0000 -9999.0000 -9999.0000 -9999.0000
139.8000 140.0000 138.7000 138.1000 136.9000 136.3000 135.8000 135.4000 134.7000 134.6000 134.3000 134.6000 134.2000 134.5000 136.2000 136.8000 136.8000 136.0000 135.4000 136.3000 136.4000 136.9000 137.0000 137.7000 138.8000 139.6000 -9999.0000 -9999.0000 -9999.0000 -9999.0000 143.1000 143.3000 142.5000 140.6000 138.0000 137.1000 129.2321 128.3150 -9999.0000 -9999.0000 -9999.0000 -9999.0000 -9999.0000 -9999.0000 -9999.0000 -9999.0000 -9999.0000 -9999.0000 -9999.0000 -9999.0000 -9999.0000 -9999.0000 -9999.0000 -9999.0000 -9999.0000 -9999.0000 -9999.0000 -9999.0000 -9999.0000
146.1000 144.5000 144.2000 143.3000 142.1000 140.6000 139.8000 138.7000 138.0000 137.4000 137.4000 137.2000 137.8000 137.7000 137.1000 137.8000 138.3000 137.2000 137.4000 138.2000 138.2000 138.9000 138.7000 139.3000 140.5000 141.8000 142.1000 143.3000 144.3000 144.6000 144.3000 144.2000 143.5000 141.9000 140.4000 139.7000 139.1000 130.2579 132.8279 133.7723 132.0793 -9999.0000 -9999.0000 -9999.0000 -9999.0000 -9999.0000 -9999.0000 -9999.0000 -9999.0000 -9999.0000 -9999.0000 -9999.0000 -9999.0000 -9999.0000 -9999.0000 -9999.0000 -9999.0000 -9999.0000 -9999.0000
151.8000 151.1000 150.2000 148.7000 146.2000 145.5000 143.7000 141.8000 140.5000 139.7000 139.5000 139.7000 139.0000 139.7000 140.0000 140.1000 139.8000 138.7000 139.5000 139.8000 140.1000 141.0000 140.8000 141.2000 142.1000 143.1000 144.4000 145.1000 145.7000 146.4000 146.6000 146.7000 146.5000 145.9000 144.9000 143.7000 142.3000 140.3000 132.3648 132.6010 130.3353 129.8355 131.9264 -9999.0000 -9999.0000 -9999.0000 -9999.0000 -9999.0000 -9999.0000 -9999.0000 -9999.0000 -9999.0000 -9999.0000 -9999.0000 -9999.0000 -9999.0000 -9999.0000 -9999.0000 -9999.0000
166.7000 162.0000 160.9000 156.0000 153.0000 151.3000 149.3000 147.0000 145.0000 143.3000 142.6000 141.6000 141.4000 141.2000 141.8000 141.6000 140.7000 140.6000 141.1000 141.8000 141.7000 142.5000 143.1000 143.7000 144.3000 145.1000 146.0000 146.9000 147.4000 148.0000 148.6000 148.9000 148.6000 148.5000 147.7000 146.5000 145.0000 142.2000 139.8000 136.7000 131.5052 133.2492 132.0784 132.8027 -9999.0000 -9999.0000 -9999.0000 -9999.0000 -9999.0000 -9999.0000 -9999.0000 -9999.0000 -9999.0000 -9999.0000 -9999.0000 -9999.0000 -9999.0000 -9999.0000 -9999.0000
191.8000 195.7000 195.2000 178.9000 163.8000 159.7000 155.8000 153.0000 149.6000 147.2000 146.1000 143.6000 142.8000 142.8000 142.8000 143.1000 142.5000 142.7000 142.2000 142.7000 143.3000 143.9000 145.3000 145.5000 146.7000 147.5000 148.1000 149.0000 149.7000 150.2000 150.8000 151.2000 150.5000 149.7000 148.8000 147.4000 146.0000 143.9000 141.2000 138.5000 136.8000 133.2802 134.5130 133.9511 134.0817 -9999.0000 -9999.0000 -9999.0000 -9999.0000 -9999.0000 -9999.0000 -9999.0000 -9999.0000 -9999.0000 -9999.0000 -9999.0000 -9999.0000 -9999.0000 -9999.0000
167.1000 -9999.0000 -9999.0000 -9999.0000 189.5000 173.0000 168.6000 162.5000 156.5000 154.1000 150.3000 147.4000 145.8000 145.1000 144.2000 144.5000 144.9000 144.5000 144.9000 146.6000 147.3000 148.0000 148.8000 149.0000 150.1000 150.6000 152.1000 153.0000 153.6000 154.1000 153.7000 152.8000 151.9000 150.6000 149.4000 148.2000 146.3000 145.0000 143.9000 142.3000 142.0000 141.1000 139.5000 134.2898 133.5446 -9999.0000 -9999.0000 -9999.0000 -9999.0000 -9999.0000 -9999.0000 -9999.0000 -9999.0000 -9999.0000 -9999.0000 -9999.0000 -9999.0000 -9999.0000 -9999.0000
-9999.0000 -9999.0000 -9999.0000 -9999.0000 -9999.0000 -9999.0000 192.9000 178.2000 168.0000 161.0000 156.6000 153.3000 151.2000 149.2000 148.5000 147.6000 148.2000 148.0000 149.0000 150.3000 151.7000 152.0000 152.5000 152.8000 154.3000 154.3000 156.3000 158.3000 158.6000 158.4000 157.4000 155.8000 154.2000 153.0000 152.1000 151.5000 150.8000 150.0000 147.3000 145.2000 143.7000 142.3000 141.3000 135.0728 135.3587 133.8212 -9999.0000 -9999.0000 -9999.0000 -9999.0000 -9999.0000 -9999.0000 -9999.0000 -9999.0000 -9999.0000 -9999.0000 -9999.0000 -9999.0000 -9999.0000
-9999.0000 -9999.0000 -9999.0000 -9999.0000 -9999.0000 -9999.0000 -9999.0000 -9999.0000 187.2000 186.7000 177.1000 166.0000 159.5000 156.8000 155.1000 152.9000 150.7000 152.6000 155.3000 157.2000 157.9000 157.5000 156.9000 157.1000 158.6000 159.1000 162.2000 164.8000 165.1000 163.4000 162.3000 160.4000 158.3000 156.7000 156.1000 156.6000 155.7000 154.8000 152.5000 149.3000 146.8000 144.2000 142.9000 136.3527 136.3150 133.6465 -9999.0000 -9999.0000 -9999.0000 -9999.0000 -9999.0000 -9999.0000 -9999.0000 -9999.0000 -9999.0000 -9999.0000 -9999.0000 -9999.0000 -9999.0000
-9999.0000 -9999.0000 -9999.0000 -9999.0000 -9999.0000 -9999.0000 -9999.0000 -9999.0000 -9999.0000 188.3000 177.5000 167.8000 162.7000 159.4000 157.0000 154.9000 153.3000 158.9000 168.1000 167.1000 166.8000 166.7000 163.6000 162.3000 162.8000 165.2000 157.6000 154.5000 179.6000 168.2000 165.5000 162.8000 160.4000 159.5000 159.0000 158.8000 158.8000 157.6000 156.2000 150.3000 149.9000 148.1000 145.7000 138.3296 137.3844 133.1121 -9999.0000 -9999.0000 -9999.0000 -9999.0000 -9999.0000 -9999.0000 -9999.0000 -9999.0000 -9999.0000 -9999.0000 -9999.0000 -9999.0000 -9999.0000
137.2472 138.0998 -9999.0000 -9999.0000 -9999.0000 -9999.0000 -9999.0000 -9999.0000 -9999.0000 170.4000 165.5000 162.3000 159.6000 157.5000 156.2000 156.3000 158.6000 169.8000 184.1000 185.7000 186.6000 175.5000 170.4000 167.5000 167.1000 156.2000 152.8000 149.6000 167.8000 165.5000 163.8000 162.6000 161.1000 160.3000 160.1000 159.6000 158.9000 157.6000 155.9000 153.4000 152.4000 151.5000 149.7000 141.7781 137.8407 -9999.0000 -9999.0000 -9999.0000 -9999.0000 -9999.0000 -9999.0000 -9999.0000 -9999.0000 -9999.0000 -9999.0000 -9999.0000 -9999.0000 -9999.0000 -9999.0000
137.3643 141.6000 140.8000 139.5000 140.1905 -9999.0000 -9999.0000 -9999.0000 -9999.0000 157.6000 157.5000 156.9000 156.6000 157.2000 157.2000 156.8000 159.9000 162.6000 170.6000 177.4000 182.2000 180.2000 172.4000 170.4000 168.0000 166.9000 166.1000 165.0000 163.2000 162.5000 161.3000 159.9000 158.1000 156.5000 155.3000 154.0000 153.2000 152.9000 151.7000 152.8000 152.4000 151.0000 150.3000 141.6595 134.8316 -9999.0000 -9999.0000 -9999.0000 -9999.0000 -9999.0000 -9999.0000 -9999.0000 -9999.0000 -9999.0000 -9999.0000 -9999.0000 -9999.0000 -9999.0000 -9999.0000
156.1000 154.4000 152.0000 150.9000 140.3418 141.2243 -9999.0000 -9999.0000 149.8000 152.7000 154.8000 155.9000 158.4000 159.9000 160.6000 161.9000 163.8000 165.2000 165.8000 168.3000 168.5000 168.4000 166.6000 165.8000 164.7000 163.7000 162.5000 162.4000 161.1000 159.4000 158.3000 154.0976 152.7041 150.4659 148.1475 147.0709 145.6582 148.7000 143.1871 152.1000 151.8000 151.3000 149.4000 138.2812 132.9382 -9999.0000 -9999.0000 -9999.0000 -9999.0000 -9999.0000 -9999.0000 -9999.0000 -9999.0000 -9999.0000 -9999.0000 -9999.0000 -9999.0000 -9999.0000 -9999.0000
162.4000 162.1000 160.2000 157.5000 152.9000 143.0348 143.4199 142.8069 151.3000 154.8000 155.7000 160.3000 165.2000 171.6000 170.8000 170.4000 169.4000 168.6000 168.1000 166.9000 165.4000 164.2000 164.5000 164.0000 163.3000 163.2000 162.5000 161.6000 160.4000 156.5393 155.6055 154.1134 152.5738 151.4249 147.3988 146.6951 145.5779 143.7682 142.6932 142.1001 140.6214 134.8063 130.7567 130.4201 132.2428 -9999.0000 -9999.0000 -9999.0000 -9999.0000 -9999.0000 -9999.0000 -9999.0000 -9999.0000 -9999.0000 -9999.0000 -9999.0000 -9999.0000 -9999.0000 -9999.0000
163.1000 161.4000 159.0000 154.6000 152.3000 148.2000 143.8743 143.3670 146.6000 164.0000 162.1000 163.6000 165.4000 165.8000 165.7000 165.8000 165.9000 167.0000 167.4000 165.1000 165.3000 164.7000 163.3000 163.3000 163.6000 164.1000 164.2000 163.3000 157.8997 157.7603 156.2520 153.8061 -9999.0000 -9999.0000 -9999.0000 -9999.0000 -9999.0000 -9999.0000 -9999.0000 -9999.0000 141.0748 133.5165 127.8276 128.9261 134.5067 135.9609 132.2013 -9999.0000 -9999.0000 -9999.0000 -9999.0000 -9999.0000 -9999.0000 -9999.0000 -9999.0000 -9999.0000 -9999.0000 -9999.0000 -9999.0000
158.5000 155.5000 153.1000 151.8000 150.4000 149.6000 151.7000 153.1000 150.9000 148.5000 152.8000 150.5378 152.2814 155.4267 161.0000 160.4000 161.5000 163.3000 163.8000 164.7000 164.9000 164.7000 164.5000 165.4000 165.5000 165.8000 165.5000 161.2294 159.1402 156.7987 -9999.0000 -9999.0000 -9999.0000 -9999.0000 -9999.0000 -9999.0000 -9999.0000 -9999.0000 -9999.0000 147.8595 139.1286 132.6329 130.1125 130.0932 133.1312 154.6000 154.9000 142.7657 -9999.0000 -9999.0000 -9999.0000 -9999.0000 -9999.0000 -9999.0000 -9999.0000 -9999.0000 -9999.0000 -9999.0000 -9999.0000
157.9000 157.2000 156.7000 156.4000 156.7000 156.1000 154.8000 152.6000 149.7000 146.9000 148.5780 -9999.0000 -9999.0000 -9999.0000 -9999.0000 -9999.0000 -9999.0000 -9999.0000 160.1440 160.7000 162.3000 163.8000 166.1000 167.2000 167.3000 168.0000 164.3875 164.1647 160.3834 156.1189 -9999.0000 -9999.0000 -9999.0000 -9999.0000 -9999.0000 -9999.0000 150.7371 150.1975 149.1691 149.6801 146.6024 152.4000 153.0000 153.5000 154.3000 153.6000 153.7000 141.8897 -9999.0000 -9999.0000 -9999.0000 -9999.0000 -9999.0000 -9999.0000 -9999.0000 -9999.0000 -9999.0000 -9999.0000 -9999.0000
161.2000 160.7000 160.2000 159.2000 158.8000 157.5000 155.4000 152.2000 150.5000 151.4000 152.1017 152.0289 -9999.0000 -9999.0000 -9999.0000 -9999.0000 -9999.0000 -9999.0000 -9999.0000 -9999.0000 163.0969 164.1755 164.2179 165.8464 166.6413 166.1727 165.6976 163.3002 160.3145 -9999.0000 -9999.0000 -9999.0000 -9999.0000 -9999.0000 152.5960 151.2927 150.5531 150.0346 149.6822 155.8000 155.4000 155.3000 154.6000 154.4000 144.4809 142.9909 143.3889 -9999.0000 -9999.0000 -9999.0000 -9999.0000 -9999.0000 -9999.0000 -9999.0000 -9999.0000 -9999.0000 -9999.0000 -9999.0000 -9999.0000
162.8000 161.8000 160.4000 159.2000 157.6000 156.1000 154.2000 152.7000 150.9000 147.9000 151.8000 152.3322 153.3644 -9999.0000 -9999.0000 -9999.0000 -9999.0000 -9999.0000 -9999.0000 -9999.0000 -9999.0000 165.0506 165.2591 166.4514 167.4572 166.0153 165.5205 164.3157 160.5562 -9999.0000 -9999.0000 -9999.0000 -9999.0000 -9999.0000 154.6831 152.8573 160.0000 159.3000 158.4000 155.8000 155.1000 154.9000 153.8000 146.3254 144.8682 142.2490 141.4576 144.0727 143.4604 -9999.0000 -9999.0000 -9999.0000 -9999.0000 -9999.0000 -9999.0000 -9999.0000 -9999.0000 -9999.0000 -9999.0000
163.6000 162.0000 160.6000 158.6000 156.3000 153.8000 151.7000 150.6000 149.7000 149.7000 149.1000 150.7000 154.0865 152.2588 149.2470 -9999.0000 -9999.0000 -9999.0000 -9999.0000 -9999.0000 -9999.0000 -9999.0000 -9999.0000 -9999.0000 -9999.0000 -9999.0000 165.3358 -9999.0000 -9999.0000 -9999.0000 -9999.0000 -9999.0000 -9999.0000 157.9479 156.9103 161.9000 160.6000 158.6000 157.4000 156.3000 155.2000 153.6000 152.9000 153.4000 144.4809 142.8583 142.5931 145.1397 147.0119 -9999.0000 -9999.0000 -9999.0000 -9999.0000 -9999.0000 -9999.0000 -9999.0000 -9999.0000 -9999.0000 -9999.0000
157.8769 155.6421 154.1282 156.3000 153.9000 152.6000 151.6000 150.9000 151.1000 151.8000 151.0000 151.6000 151.9000 152.9213 156.0929 157.1906 158.6043 -9999.0000 -9999.0000 -9999.0000 -9999.0000 -9999.0000 -9999.0000 -9999.0000 -9999.0000 -9999.0000 -9999.0000 -9999.0000 -9999.0000 -9999.0000 -9999.0000 -9999.0000 -9999.0000 157.7592 158.5007 161.3000 160.7000 159.6000 157.6000 158.1000 158.5000 160.7000 159.7000 159.4000 158.4000 157.0000 155.1000 153.3000 149.6957 147.6524 -9999.0000 -9999.0000 -9999.0000 -9999.0000 -9999.0000 -9999.0000 -9999.0000 -9999.0000 -9999.0000
157.5643 155.5247 153.8373 153.0225 154.6000 154.9000 152.4000 152.2000 -9999.0000 154.1000 153.3000 154.0000 154.5000 156.2000 159.2000 159.3378 160.6709 161.8337 -9999.0000 -9999.0000 -9999.0000 -9999.0000 -9999.0000 -9999.0000 -9999.0000 -9999.0000 -9999.0000 -9999.0000 -9999.0000 -9999.0000 -9999.0000 -9999.0000 -9999.0000 159.7950 159.7881 163.3000 161.5000 161.0000 160.9000 161.9000 162.4000 -9999.0000 165.7000 169.5000 148.4000 160.6000 157.0000 155.2000 148.5799 148.3915 147.2531 -9999.0000 -9999.0000 -9999.0000 -9999.0000 -9999.0000 -9999.0000 -9999.0000 -9999.0000
-9999.0000 -9999.0000 -9999.0000 -9999.0000 -9999.0000 159.2000 156.1000 156.2000 -9999.0000 -9999.0000 -9999.0000 158.9000 159.3000 161.5000 163.4000 164.3000 164.1303 164.3315 166.3000 168.1000 168.5470 170.4467 -9999.0000 -9999.0000 -9999.0000 -9999.0000 -9999.0000 -9999.0000 -9999.0000 -9999.0000 -9999.0000 -9999.0000 162.4751 161.8100 166.9000 165.7000 165.6000 164.7000 166.2000 166.9000 -9999.0000 -9999.0000 169.7000 167.3000 164.4000 160.9000 158.8000 156.7000 150.1792 149.2106 147.6419 -9999.0000 -9999.0000 -9999.0000 -9999.0000 -9999.0000 -9999.0000 -9999.0000 150.8579
