example_data/selke/layers/t_base.asc
ncols 206
nrows 204
xllcorner 4432837.5
yllcorner 5724937.5
cellsize 200.0
NODATA_value -9999.0
[rows 52 to 77 of 204, columns 116 to 173 of 206]
-9999.0000 -9999.0000 64.6915 67.6448 26.6122 -1.5642 -20.9875 -22.5358 -4.3879 9.3854 19.6743 21.0258 20.6366 17.7140 14.3627 12.2125 10.6048 12.0933 10.2075 12.3559 10.4851 0.1144 -20.2902 -38.5440 -44.2837 -43.7801 -41.9100 -32.4737 -20.5736 -6.4161 6.7834 17.4334 24.7777 25.0447 12.0271 -5.8117 -5.3887 7.3109 25.3056 19.0347 -9999.0000 -9999.0000 -9999.0000 -9999.0000 -9999.0000 -9999.0000 -9999.0000 -9999.0000 -9999.0000 -9999.0000 -9999.0000 -9999.0000 -9999.0000 -9999.0000 -9999.0000 -9999.0000 -9999.0000 -9999.0000
-9999.0000 -9999.0000 66.9236 65.1388 29.6462 14.2083 0.6616 -5.9223 5.9877 9.6965 24.2759 28.2895 27.3451 26.3357 17.5850 15.3226 13.8139 13.5281 9.8478 7.6186 7.3752 -4.0069 -18.4173 -36.2222 -40.8580 -44.2699 -37.6676 -30.4287 -25.0145 -14.0492 -1.2159 10.4802 17.4794 14.4058 6.2385 -2.5844 -0.1720 11.9448 26.0620 29.4556 -9999.0000 -9999.0000 -9999.0000 -9999.0000 -9999.0000 -9999.0000 -9999.0000 -9999.0000 -9999.0000 -9999.0000 -9999.0000 -9999.0000 -9999.0000 -9999.0000 -9999.0000 -9999.0000 -9999.0000 -9999.0000
-9999.0000 -9999.0000 68.0348 67.9871 41.9064 21.7547 23.2006 19.0541 17.6495 21.4657 29.3307 32.1205 24.5783 27.7559 22.1604 18.8979 16.1410 12.0929 8.6213 4.9989 1.1420 -6.2044 -17.5277 -25.4320 -32.4630 -43.7035 -38.1511 -33.1884 -29.8649 -20.8241 -10.8333 1.3923 7.0479 3.1655 -3.9235 -2.4992 6.0513 18.1376 30.2342 36.2205 29.7019 27.5548 -9999.0000 -9999.0000 -9999.0000 -9999.0000 -9999.0000 -9999.0000 -9999.0000 -9999.0000 -9999.0000 -9999.0000 -9999.0000 -9999.0000 -9999.0000 -9999.0000 -9999.0000 -9999.0000
-9999.0000 -9999.0000 70.6079 70.9785 56.0534 29.2782 21.7217 32.9810 39.0538 32.3752 34.5125 28.3717 28.7242 27.0633 25.3063 20.3641 15.9105 10.9498 5.7377 1.1384 -1.5227 -8.1108 -13.6189 -24.4635 -28.7603 -34.8091 -37.9878 -37.1032 -35.5225 -28.5117 -21.8278 -11.0499 -5.6474 -12.8034 -8.9249 -7.0110 -1.6279 3.9591 18.6777 26.8061 29.0792 26.7017 22.4110 22.9068 21.5536 -9999.0000 -9999.0000 -9999.0000 -9999.0000 -9999.0000 -9999.0000 -9999.0000 -9999.0000 -9999.0000 -9999.0000 -9999.0000 -9999.0000 -9999.0000
-9999.0000 -9999.0000 74.6109 72.8581 62.3412 37.4083 27.2879 45.0129 47.8194 43.3991 38.8111 28.2568 25.7465 29.8883 26.3037 24.5943 16.7165 11.2653 3.1780 -1.2224 -4.7823 -9.5317 -13.8211 -17.9147 -28.2745 -36.8042 -35.2986 -36.5252 -40.9125 -38.9000 -34.3884 -21.4074 -13.4472 -16.6393 -14.9130 -10.5386 -20.0918 -4.7867 4.2690 10.3425 13.1999 6.7096 24.5782 28.3750 21.2267 17.4941 14.1682 -9999.0000 -9999.0000 -9999.0000 -9999.0000 -9999.0000 -9999.0000 -9999.0000 -9999.0000 -9999.0000 -9999.0000 -9999.0000
-9999.0000 -9999.0000 78.6476 79.9962 67.9558 43.8117 24.4951 46.6028 46.9908 46.8995 44.4390 31.2793 25.2087 27.5846 27.6805 25.4193 16.4893 8.1946 1.1395 -2.9995 -6.3347 -12.3548 -17.8343 -23.9268 -35.4857 -37.1195 -42.8059 -46.5825 -49.2291 -47.2584 -43.7076 -37.3930 -29.4354 -23.5345 -20.3573 -21.8400 -26.9140 -35.1220 -8.4410 -0.2533 5.2313 -1.9288 -1.2271 26.9163 23.8690 24.0762 22.4513 17.1529 14.5929 -9999.0000 -9999.0000 -9999.0000 -9999.0000 -9999.0000 -9999.0000 -9999.0000 -9999.0000 -9999.0000
-9999.0000 -9999.0000 82.9957 82.6385 72.1551 52.1067 49.2023 49.7982 54.6827 51.4183 48.0934 35.0144 31.8172 29.5154 29.9170 23.1762 16.0925 13.0188 2.8792 -5.7788 -8.1436 -15.6232 -21.3679 -28.4692 -37.0757 -44.3644 -50.4842 -54.9371 -57.9138 -56.4627 -52.4158 -46.6176 -41.5035 -36.2497 -30.2282 -32.5627 -36.7984 -46.3302 -18.7630 -18.7050 -21.8846 -19.5999 -12.1602 -2.3063 20.7438 20.9291 23.6719 22.6900 22.3776 21.6972 17.6201 -9999.0000 -9999.0000 -9999.0000 -9999.0000 -9999.0000 -9999.0000 -9999.0000
-9999.0000 -9999.0000 87.9513 85.9025 79.7984 59.8741 56.1323 53.4146 55.4673 53.6244 52.3823 48.7165 31.9074 30.1789 29.2389 19.1069 15.9151 11.2086 4.1059 -4.5466 -11.7071 -16.6605 -23.6343 -32.7885 -41.1241 -49.1204 -56.3842 -62.4631 -66.8460 -65.3552 -59.6378 -53.0356 -53.2318 -49.2334 -45.4040 -44.5331 -48.6722 -49.5727 -53.4691 -47.5596 -34.3129 -34.2086 -31.1508 -28.1013 3.6845 12.1864 -0.0545 7.6970 18.1502 16.3213 14.8418 10.3062 -9999.0000 -9999.0000 -9999.0000 -9999.0000 -9999.0000 -9999.0000
-9999.0000 -9999.0000 91.7546 94.8628 82.6936 67.1229 63.3161 60.8005 57.0190 57.4114 57.6419 53.4944 44.1225 29.9792 27.6428 21.4958 15.6781 8.5154 4.2895 -4.1308 -11.6746 -18.7328 -27.4989 -36.7163 -46.1026 -54.8402 -63.5698 -71.2774 -77.0526 -76.2130 -72.2663 -66.8193 -63.4719 -60.6620 -59.4618 -58.5321 -58.0933 -70.2831 -76.3372 -88.8507 -75.0590 -56.5201 -51.3704 -45.8988 -40.1280 -19.6228 -14.3298 0.5311 10.4258 8.1687 8.4221 7.6548 -9.4169 -9999.0000 -9999.0000 -9999.0000 -9999.0000 -9999.0000
-9999.0000 -9999.0000 -9999.0000 94.4984 85.8199 78.4928 70.1461 66.0802 64.1928 64.0422 62.8226 52.2443 44.8866 33.8844 25.5525 20.0090 16.0958 7.6268 0.8415 -3.0993 -11.2570 -19.5909 -27.5951 -37.9626 -50.0439 -58.9837 -68.0943 -76.9136 -83.8703 -83.3734 -81.9991 -80.2657 -78.0923 -77.2497 -75.2655 -79.3962 -83.4017 -87.6930 -97.0800 -103.2670 -92.9507 -129.0386 -102.9404 -95.3192 -79.3829 -48.8706 -26.8732 -12.6804 0.5507 -3.3233 -4.1975 -18.0810 -17.8243 -20.2729 -9999.0000 -9999.0000 -9999.0000 -9999.0000
-9999.0000 -9999.0000 -9999.0000 89.8943 85.3741 90.0841 81.3742 71.4492 69.1841 69.5398 67.6751 57.6952 46.9462 34.1607 23.6552 20.3320 13.8129 7.5627 -3.4324 -5.7663 -12.4149 -18.5179 -29.8748 -40.2012 -48.8202 -58.2791 -72.9531 -79.8316 -88.4359 -89.8986 -89.5473 -89.3826 -90.2217 -92.4174 -93.0583 -95.8543 -100.7774 -104.5089 -113.1842 -116.8595 -121.0874 -154.1557 -151.8669 -108.9542 -82.0300 -68.3595 -48.8765 -32.5579 -10.8225 -16.4943 -20.7384 -33.5501 -26.0330 -16.9613 -21.8502 -9999.0000 -9999.0000 -9999.0000
-9999.0000 -9999.0000 -9999.0000 -9999.0000 93.8848 88.1497 92.3434 82.1352 74.8381 73.9207 72.5616 60.5504 46.4143 31.4483 19.9691 17.1208 12.0190 6.2357 0.6223 -8.3392 -12.4346 -18.5323 -22.9254 -35.5299 -45.9542 -56.5859 -67.6835 -82.3679 -89.7319 -93.6136 -97.6285 -94.7456 -97.0390 -102.7723 -104.6380 -110.7535 -116.4431 -122.4941 -127.5897 -130.7212 -130.5341 -156.2023 -153.8272 -119.8601 -109.2842 -90.3130 -78.1010 -59.3219 -46.5425 -44.9214 -46.8177 -50.6924 -43.7177 -28.7565 -19.8326 -9.9003 -9999.0000 -9999.0000
-9999.0000 -9999.0000 -9999.0000 -9999.0000 92.5304 95.5566 90.4434 95.9178 83.5223 77.2676 77.7753 64.4321 46.1315 31.3036 20.1555 17.0463 15.2056 4.3199 -1.0913 -7.6531 -14.4316 -15.9254 -22.8963 -27.5380 -33.2998 -52.3076 -65.5870 -79.6992 -91.0913 -96.0595 -93.2527 -96.3248 -104.8194 -107.4064 -115.8604 -123.3044 -130.0947 -136.8409 -140.8100 -142.3510 -143.5229 -156.6320 -153.0705 -133.3922 -126.3830 -115.9951 -101.9311 -93.4366 -84.2320 -80.3808 -73.2141 -67.4048 -57.0112 -40.5214 -18.3748 8.5065 14.2092 -9999.0000
-9999.0000 -9999.0000 -9999.0000 -9999.0000 -9999.0000 -9999.0000 94.2246 94.9800 96.8370 88.2130 82.6320 67.6801 49.5838 33.0161 19.8550 17.0423 16.2802 13.1875 -2.4624 -5.2114 -13.3419 -18.6281 -24.4078 -27.5654 -33.2405 -43.6320 -59.4906 -70.5525 -87.9725 -89.0938 -87.5145 -91.5439 -98.2504 -111.7723 -121.6588 -131.8177 -141.0771 -147.2800 -152.7792 -153.8330 -152.8598 -156.9873 -154.2379 -144.9673 -142.0978 -135.7837 -127.8450 -120.9550 -116.2025 -105.9561 -93.8256 -81.4579 -67.6526 -47.9654 -28.0675 1.6420 32.4791 -9999.0000
-9999.0000 -9999.0000 -9999.0000 -9999.0000 -9999.0000 -9999.0000 -9999.0000 -9999.0000 94.3376 96.4020 88.4058 72.7886 52.1182 34.2425 22.5901 20.2927 16.0887 12.3069 7.1889 1.8375 -6.3189 -14.3274 -18.4837 -20.1240 -28.7791 -36.8460 -44.1734 -53.3300 -64.1720 -72.9581 -83.8115 -88.5169 -99.8264 -112.2063 -124.7259 -137.4106 -150.0745 -155.0842 -159.4893 -160.8712 -158.2265 -157.0659 -154.2984 -150.3007 -147.2040 -142.7749 -135.5153 -129.7659 -125.7664 -116.0102 -101.3523 -87.3729 -71.0479 -51.0471 -31.0615 -10.6985 16.0253 16.7635
-9999.0000 -9999.0000 -9999.0000 -9999.0000 -9999.0000 -9999.0000 -9999.0000 -9999.0000 -9999.0000 93.4341 93.8906 71.8782 53.2613 40.2393 29.0834 23.0010 17.2872 11.8197 6.3715 0.9903 -3.0593 -5.7922 -11.3432 -16.0440 -20.2535 -27.2781 -35.4914 -22.0871 -16.0053 -26.7674 -58.5626 -84.6266 -100.5159 -113.5863 -125.1294 -134.1860 -143.5488 -149.6787 -152.1671 -154.0153 -150.1304 -149.2222 -146.6864 -142.4374 -143.4443 -139.0510 -135.0773 -129.8890 -130.8690 -120.8806 -107.6412 -91.7590 -71.7428 -52.0730 -41.3580 -21.4384 1.7861 1.6883
-9999.0000 -9999.0000 -9999.0000 -9999.0000 -9999.0000 -9999.0000 -9999.0000 -9999.0000 -9999.0000 -9999.0000 82.0919 77.6735 63.8744 49.0897 42.1896 33.4330 27.5190 22.7806 11.7901 6.1454 2.7571 4.0892 -0.4172 -4.9443 -12.3704 -18.6409 11.4733 21.3863 53.6958 34.3724 -8.7690 -38.1271 -99.4016 -112.9707 -123.8444 -131.3861 -136.8073 -141.7801 -143.7755 -141.8608 -141.1722 -140.1060 -137.7931 -134.2792 -133.7328 -135.4628 -132.7543 -131.4887 -131.8691 -123.6816 -109.5982 -96.1249 -77.8760 -57.5068 -43.1140 -36.1500 -12.7467 -13.0144
-9999.0000 -9999.0000 -9999.0000 -9999.0000 -9999.0000 -9999.0000 -9999.0000 -9999.0000 -9999.0000 -9999.0000 83.7981 84.1717 72.5445 62.1180 54.1341 48.3476 41.5396 29.8178 18.2457 13.9925 14.3808 11.9089 7.9614 4.2232 -2.8901 25.5475 9.9415 28.8518 43.8826 66.0757 29.6411 -26.5123 -58.7953 -108.6102 -118.8441 -124.1729 -125.8391 -132.9758 -131.1483 -130.4742 -130.9760 -130.4401 -128.1400 -126.7377 -124.3220 -125.9690 -132.6443 -132.0230 -132.8753 -121.6630 -108.6698 -95.7754 -82.1060 -68.1255 -54.5928 -39.0416 -28.0826 -26.3529
-9999.0000 -9999.0000 -9999.0000 -9999.0000 -9999.0000 -9999.0000 -9999.0000 -9999.0000 -9999.0000 -9999.0000 -9999.0000 89.5490 82.2865 77.3608 72.1811 66.8773 54.9135 45.4695 37.7019 25.4461 23.0450 21.9617 19.2131 13.5873 10.1170 -9999.0000 -9999.0000 -9999.0000 -9999.0000 48.0522 47.1897 -7.3509 -49.4310 -75.6147 -104.3358 -113.6619 -112.9456 -116.2684 -116.9943 -118.1787 -117.5672 -116.8070 -115.2260 -115.9668 -115.7650 -118.9812 -124.3177 -121.8090 -124.9692 -118.5504 -108.7683 -98.4716 -79.2950 -69.0695 -50.2519 -44.8086 -34.4086 -30.1736
-9999.0000 -9999.0000 -9999.0000 -9999.0000 -9999.0000 -9999.0000 -9999.0000 -9999.0000 -9999.0000 -9999.0000 -9999.0000 87.7765 91.4939 91.7280 89.3643 81.4793 73.1200 64.7837 56.0886 48.6005 37.1788 33.7482 37.1765 29.8097 -9999.0000 -9999.0000 -9999.0000 -9999.0000 -9999.0000 60.4591 49.3022 21.9780 -24.2486 -64.0088 -95.3804 -102.8127 -100.5461 -97.5001 -103.6491 -103.3565 -105.4328 -104.8353 -101.2583 -100.3900 -106.4510 -101.3596 -107.2628 -111.2134 -113.8830 -107.0660 -97.3158 -88.3334 -76.1023 -58.2387 -52.3020 -49.0223 -43.7119 -37.7028
-9999.0000 -9999.0000 -9999.0000 -9999.0000 -9999.0000 -9999.0000 -9999.0000 -9999.0000 -9999.0000 -9999.0000 -9999.0000 -9999.0000 -9999.0000 94.1552 103.4536 101.1103 89.9008 79.2045 72.7113 60.7284 53.9170 45.9987 49.2617 -9999.0000 -9999.0000 -9999.0000 -9999.0000 -9999.0000 -9999.0000 77.7896 65.1883 18.1402 -27.5630 -54.5463 -77.5425 -86.7164 -86.1077 -85.1081 -92.0130 -92.1514 -92.0719 -90.5940 -89.9925 -91.9363 -87.1645 -94.0391 -94.5972 -95.9685 -97.2636 -90.8685 -83.8107 -77.0944 -70.3952 -58.6962 -54.3239 -51.5200 -49.2953 -46.4933
-9999.0000 -9999.0000 -9999.0000 -9999.0000 -9999.0000 -9999.0000 -9999.0000 -9999.0000 -9999.0000 -9999.0000 -9999.0000 -9999.0000 -9999.0000 -9999.0000 -9999.0000 101.1944 109.5679 93.3648 86.2428 77.0976 62.5174 58.5208 56.7047 -9999.0000 -9999.0000 -9999.0000 -9999.0000 -9999.0000 80.4083 77.0106 64.2477 32.6050 -3.0271 -29.6495 -58.1067 -71.2047 -69.6105 -79.2565 -79.6320 -81.3526 -78.4708 -83.3583 -84.3337 -82.9463 -83.7798 -83.7544 -83.1719 -81.3555 -80.8970 -75.6983 -72.2811 -68.1646 -65.0026 -60.2494 -56.7883 -54.9946 -53.9597 -51.4115
-9999.0000 -9999.0000 -9999.0000 -9999.0000 -9999.0000 -9999.0000 -9999.0000 -9999.0000 -9999.0000 -9999.0000 -9999.0000 -9999.0000 -9999.0000 -9999.0000 -9999.0000 -9999.0000 -9999.0000 98.2559 103.6841 94.2218 82.7538 73.0378 74.0610 -9999.0000 -9999.0000 -9999.0000 -9999.0000 -9999.0000 82.8668 83.1730 66.5045 41.8361 25.2930 0.9929 -25.4833 -44.1754 -60.0593 -66.0702 -72.8121 -75.0541 -77.2568 -78.8698 -79.1166 -78.1188 -83.1978 -74.4725 -71.3860 -68.4720 -64.7178 -63.7843 -62.8213 -59.4729 -56.1327 -54.2049 -52.1401 -49.7427 -47.6530 -42.9027
-9999.0000 -9999.0000 -9999.0000 -9999.0000 -9999.0000 -9999.0000 -9999.0000 -9999.0000 -9999.0000 -9999.0000 -9999.0000 -9999.0000 -9999.0000 -9999.0000 -9999.0000 -9999.0000 -9999.0000 -9999.0000 108.1851 111.9885 102.3178 90.6245 88.8982 -9999.0000 -9999.0000 -9999.0000 -9999.0000 -9999.0000 -9999.0000 87.5317 76.6369 64.6711 45.5441 23.3043 19.3632 -0.6147 -25.0206 -42.9816 -49.5800 -54.4685 -56.6531 -60.1293 -60.3282 -72.3411 -65.6662 -63.3341 -64.3816 -55.8614 -48.9233 -51.7184 -50.1150 -49.5765 -45.7950 -40.8498 -39.3197 -39.3250 -34.9392 -29.0439
-9999.0000 -9999.0000 -9999.0000 -9999.0000 -9999.0000 -9999.0000 -9999.0000 -9999.0000 -9999.0000 -9999.0000 -9999.0000 -9999.0000 -9999.0000 -9999.0000 -9999.0000 -9999.0000 -9999.0000 -9999.0000 -9999.0000 106.0156 105.3744 103.0324 -9999.0000 -9999.0000 -9999.0000 -9999.0000 -9999.0000 -9999.0000 -9999.0000 82.0914 82.1057 72.5839 80.8611 42.3865 27.6693 68.6244 32.9174 4.8369 -21.3114 -28.8043 -30.4610 -36.4108 -46.0270 -46.4430 -44.1379 -40.8941 -38.3331 -37.6299 -32.6343 -33.2689 -34.5495 -33.3843 -29.8097 -24.9313 -23.8173 -22.2919 -19.1596 -16.2041
-9999.0000 -9999.0000 -9999.0000 -9999.0000 -9999.0000 -9999.0000 -9999.0000 -9999.0000 -9999.0000 -9999.0000 -9999.0000 -9999.0000 -9999.0000 -9999.0000 -9999.0000 -9999.0000 -9999.0000 -9999.0000 -9999.0000 -9999.0000 96.0312 -9999.0000 -9999.0000 -9999.0000 -9999.0000 -9999.0000 -9999.0000 -9999.0000 -9999.0000 -9999.0000 -9999.0000 78.6746 -9999.0000 -9999.0000 -9999.0000 61.6458 83.3957 45.9994 24.3614 4.0413 -0.2979 -4.3364 -19.4966 -21.1520 -19.9391 -16.6165 -1.7982 -10.0327 -17.4079 -13.9959 -13.7442 -16.0910 -9.3940 -7.7592 -6.1843 -6.3381 -3.8189 -1.6153
