example_data/selke/layers/t_base.asc
ncols 206
nrows 204
xllcorner 4432837.5
yllcorner 5724937.5
cellsize 200.0
NODATA_value -9999.0
[rows 26 to 51 of 204, columns 58 to 115 of 206]
-9999.0000 -9999.0000 -9999.0000 -9999.0000 -9999.0000 -9999.0000 -9999.0000 -9999.0000 -9999.0000 -9999.0000 -9999.0000 -9999.0000 -9999.0000 67.3768 73.6716 55.6236 54.9777 53.2983 42.0185 45.9706 48.7016 55.5004 55.6349 50.7015 51.9867 51.1433 44.3614 44.1937 41.2928 40.1609 42.3232 36.8924 34.4474 20.3970 23.9396 25.6298 22.3527 20.8884 18.2226 13.7839 12.3510 28.8505 33.7515 35.9934 41.5927 43.3128 46.4694 50.4008 55.2375 62.2853 63.7343 63.6776 62.2637 60.8344 58.3582 68.0536 67.3762 65.9119
-9999.0000 -9999.0000 -9999.0000 -9999.0000 -9999.0000 -9999.0000 -9999.0000 -9999.0000 -9999.0000 -9999.0000 -9999.0000 -9999.0000 68.6464 66.8384 61.6202 56.7258 56.2091 55.3456 45.7721 48.5171 52.4850 52.1970 54.8258 56.6795 53.1648 47.4376 45.4548 45.1883 43.9536 39.7448 42.6572 37.4738 30.0082 26.8339 27.2389 24.8405 23.1128 21.1218 19.1998 16.1597 13.7439 12.6897 31.9634 31.9432 38.4500 38.5099 41.3296 43.9938 47.3200 56.0500 60.0006 59.6825 55.9600 53.2723 57.5421 59.2988 63.2126 61.3297
-9999.0000 -9999.0000 -9999.0000 -9999.0000 -9999.0000 -9999.0000 -9999.0000 -9999.0000 -9999.0000 -9999.0000 72.6233 74.2661 69.4731 64.0079 60.3313 61.2615 58.2013 57.3159 57.6131 47.3926 48.8544 50.4953 52.2858 55.3983 55.4521 52.8292 46.2386 46.0157 45.5001 41.5105 42.8881 43.9573 29.7434 26.6534 27.2815 24.6398 24.0921 23.4903 20.3549 16.8274 14.0462 14.0917 29.5568 31.6978 33.5377 35.7681 36.0092 36.2923 40.5509 45.8642 48.6584 46.7094 46.0503 48.3317 51.8990 51.9822 53.4002 54.7342
-9999.0000 -9999.0000 -9999.0000 -9999.0000 -9999.0000 -9999.0000 -9999.0000 -9999.0000 -9999.0000 72.2911 70.6483 72.9556 68.8405 64.3401 63.2043 60.8573 59.2327 58.4260 58.4096 49.8696 49.3181 50.8373 54.2767 53.2652 50.8837 47.9651 44.5581 40.2334 41.1999 37.3808 42.8681 38.3205 33.6744 30.1816 27.8461 27.9031 25.1803 24.7928 23.0925 20.2635 16.2290 13.4166 28.3763 29.0824 30.7310 32.6243 29.8515 30.5327 31.6792 34.2045 38.8147 36.8365 38.6574 45.3826 45.7121 44.7537 47.5899 -9999.0000
-9999.0000 -9999.0000 -9999.0000 -9999.0000 -9999.0000 -9999.0000 -9999.0000 -9999.0000 73.5918 73.7732 72.4518 70.3427 66.5575 64.8834 62.5044 61.2577 60.1175 59.4127 59.1412 59.9442 51.8065 53.1364 53.6528 54.5624 54.1562 48.7981 43.5067 45.2833 40.4693 43.9544 42.7619 39.5546 36.9238 31.7921 29.7799 28.4539 29.1721 26.4340 25.3291 23.8579 18.6348 15.0504 17.2109 27.5133 29.7832 26.4990 25.7124 24.5874 25.8960 29.1294 31.5513 32.0568 35.5875 35.9137 42.9960 43.1398 44.7527 -9999.0000
-9999.0000 -9999.0000 -9999.0000 -9999.0000 -9999.0000 -9999.0000 -9999.0000 -9999.0000 73.0319 73.9704 70.6944 69.8867 65.5428 64.7295 63.5698 61.2747 61.5445 60.9085 60.2971 60.2016 59.9642 55.2730 54.2239 56.0922 55.6551 54.1744 47.4723 49.1314 51.8530 48.5312 42.1191 40.0057 36.3556 33.9934 32.6375 31.0541 29.3974 28.7747 28.1637 25.8283 22.8245 24.5888 19.0983 16.9026 28.1219 27.5703 25.7308 22.7009 23.5294 24.6561 27.3869 31.3940 32.4608 34.5362 34.9690 43.5275 -9999.0000 -9999.0000
-9999.0000 -9999.0000 -9999.0000 -9999.0000 -9999.0000 -9999.0000 -9999.0000 76.8626 74.7470 75.2691 73.3419 71.9681 67.0678 65.7688 64.2150 62.3539 62.2726 62.4182 62.3111 61.5441 62.0117 56.5963 56.9072 56.5811 57.3141 54.4418 52.4873 55.6076 54.1437 53.1525 46.3422 42.7640 36.6527 39.4175 36.9756 34.7659 33.3355 31.0441 29.2258 28.4815 27.6757 27.6107 25.5581 18.6703 28.2119 27.6740 26.1767 25.6496 21.8801 24.5402 27.5476 30.9563 33.4723 34.5186 36.5435 38.5619 -9999.0000 -9999.0000
-9999.0000 -9999.0000 -9999.0000 -9999.0000 -9999.0000 -9999.0000 -9999.0000 82.2595 77.4121 76.8002 77.7461 74.9636 71.8041 68.3557 66.7199 64.3806 64.5371 64.6716 64.1931 63.3321 64.3748 63.4465 58.8444 58.9201 57.9352 55.7794 56.2357 55.5756 55.0574 49.0949 47.1887 48.0132 44.1841 42.3710 41.1503 37.7571 36.5370 34.3906 33.4197 31.3953 30.8508 32.2243 29.1591 34.6851 35.8181 30.8955 31.2491 29.5127 23.5865 23.1445 29.6645 33.1356 34.9594 39.3979 39.2075 -9999.0000 -9999.0000 -9999.0000
-9999.0000 -9999.0000 -9999.0000 -9999.0000 -9999.0000 -9999.0000 81.0790 81.8824 81.4938 79.8470 82.2019 77.8743 75.2033 71.3631 68.5681 68.0864 66.1087 66.3726 66.1478 66.3116 66.7193 65.6292 64.8799 60.7905 58.1988 58.4303 58.4403 56.0632 56.0413 50.4707 48.4228 51.6653 47.6545 45.0721 43.7710 42.2860 40.6468 37.5531 36.5549 36.2446 34.6450 34.5266 33.9548 37.9531 36.2714 34.8945 30.4547 30.5125 26.2169 26.7264 30.3703 34.5064 37.9513 38.0214 38.9654 -9999.0000 -9999.0000 -9999.0000
-9999.0000 -9999.0000 -9999.0000 -9999.0000 -9999.0000 -9999.0000 -9999.0000 79.0953 82.9183 84.1820 79.7218 74.9514 73.2153 68.9549 69.3375 69.5777 68.1125 67.0626 67.0066 66.7004 66.4328 66.5195 65.1204 64.8780 60.8354 59.6080 59.1733 57.0643 53.5067 52.3687 52.3524 51.5777 49.5643 47.7628 46.0291 44.5745 42.3646 41.4828 39.9381 39.8314 40.1699 38.6487 38.3061 38.5840 36.3799 35.9311 34.2787 34.6449 33.0678 33.9161 33.3593 35.0055 37.6529 38.5387 37.2032 -9999.0000 -9999.0000 -9999.0000
-9999.0000 -9999.0000 -9999.0000 -9999.0000 -9999.0000 -9999.0000 -9999.0000 83.4790 84.8439 84.4065 82.5250 77.9450 74.5732 73.2016 71.4655 70.8078 69.3513 68.0868 67.1946 65.7265 62.4791 66.0166 64.5400 64.8721 63.7940 60.2380 59.3186 58.2304 54.7937 55.1668 53.6243 53.2595 50.8458 49.5474 48.9767 46.3963 45.9529 44.0942 44.2320 43.7250 42.7554 42.5098 40.7355 40.5420 39.8908 39.7759 39.8235 40.5812 39.9089 38.3678 38.5673 38.1467 39.5278 38.2237 -9999.0000 -9999.0000 -9999.0000 -9999.0000
-9999.0000 -9999.0000 -9999.0000 -9999.0000 -9999.0000 -9999.0000 -9999.0000 86.5804 87.0585 88.6984 87.5021 81.6032 77.9325 76.6989 78.7431 73.4303 72.1765 71.4440 70.1816 68.5879 66.1316 63.5249 59.6493 60.6813 63.6144 61.8713 60.0344 58.1149 58.1956 56.9733 55.0785 54.0962 53.1105 51.0398 50.3092 49.1641 48.3788 47.8571 46.8482 45.9107 44.9516 46.4770 44.8102 45.3541 42.4645 44.2912 47.0765 47.3765 46.5486 44.8122 41.5435 41.8903 35.6324 39.1228 -9999.0000 -9999.0000 -9999.0000 -9999.0000
-9999.0000 -9999.0000 -9999.0000 -9999.0000 -9999.0000 -9999.0000 -9999.0000 -9999.0000 87.8389 88.1610 86.7945 82.3886 78.5716 80.2176 82.3875 74.6905 74.4696 70.6348 69.8609 68.1488 67.9330 65.2435 63.5411 63.5762 62.8635 61.7258 60.3512 59.6034 57.6220 57.3794 55.1586 54.6365 54.3914 54.9074 53.4224 53.7708 53.1402 52.8753 50.5377 49.3252 45.3078 47.5169 45.7033 48.7488 45.9458 50.2561 54.8143 54.5511 52.4788 49.9227 46.6329 41.8381 42.7891 -9999.0000 -9999.0000 -9999.0000 -9999.0000 -9999.0000
-9999.0000 -9999.0000 -9999.0000 -9999.0000 -9999.0000 -9999.0000 -9999.0000 -9999.0000 88.1599 86.5441 84.0484 81.6144 80.4134 78.5314 77.4466 76.0857 75.1300 74.8283 73.9302 70.6467 69.6381 72.8430 77.1756 73.1888 66.8494 63.5077 60.6623 57.3891 59.5557 56.2773 55.2582 53.1931 55.0269 56.0389 58.0379 57.4511 58.4660 57.3012 55.2092 49.9415 47.5288 44.1382 43.3884 42.8090 55.0846 53.8106 57.3024 57.1786 56.7545 53.8227 47.3171 46.5312 43.7195 -9999.0000 -9999.0000 -9999.0000 -9999.0000 -9999.0000
-9999.0000 -9999.0000 -9999.0000 -9999.0000 -9999.0000 -9999.0000 -9999.0000 -9999.0000 86.3378 84.4531 85.6985 83.0624 79.8830 75.7891 76.6433 82.0958 82.7817 82.5953 78.6666 74.7653 73.1224 73.1948 74.4025 73.0801 75.1066 70.6953 60.3791 58.2616 57.1668 58.6782 57.8094 49.8490 58.2926 59.6303 61.5581 64.0109 62.7772 63.4018 60.0231 54.9702 49.0253 48.7233 47.4906 48.8831 48.3524 52.3396 56.7331 56.7735 58.5794 57.7354 52.2296 48.6926 -9999.0000 -9999.0000 -9999.0000 -9999.0000 -9999.0000 -9999.0000
-9999.0000 -9999.0000 -9999.0000 -9999.0000 -9999.0000 -9999.0000 -9999.0000 -9999.0000 82.5725 84.3289 84.4227 81.2660 77.7494 80.4336 81.4254 80.7365 82.4909 82.8972 87.5454 81.1940 76.3606 -9999.0000 -9999.0000 -9999.0000 -9999.0000 68.4211 67.5035 68.0687 67.4974 68.1072 64.6520 69.2742 72.5744 66.0510 67.3063 70.1452 71.4149 69.9156 64.2764 58.2008 53.2988 53.5643 53.8746 52.0341 49.7293 46.8738 51.3629 60.3365 60.2989 56.9384 57.2990 -9999.0000 -9999.0000 -9999.0000 -9999.0000 -9999.0000 -9999.0000 -9999.0000
-9999.0000 -9999.0000 -9999.0000 -9999.0000 -9999.0000 -9999.0000 -9999.0000 -9999.0000 -9999.0000 82.5439 83.8168 81.1460 79.8163 79.8695 -9999.0000 -9999.0000 -9999.0000 -9999.0000 -9999.0000 -9999.0000 -9999.0000 -9999.0000 -9999.0000 -9999.0000 -9999.0000 -9999.0000 -9999.0000 67.6899 67.8911 69.4046 77.3619 79.1428 82.4761 78.9378 79.0203 80.8130 80.5212 75.8942 71.0244 62.9633 63.1108 60.6401 59.2591 66.7462 61.9323 62.4344 70.2078 63.6591 62.3125 62.2928 61.6972 -9999.0000 -9999.0000 -9999.0000 -9999.0000 -9999.0000 -9999.0000 -9999.0000
-9999.0000 -9999.0000 -9999.0000 -9999.0000 -9999.0000 -9999.0000 -9999.0000 -9999.0000 -9999.0000 -9999.0000 -9999.0000 -9999.0000 -9999.0000 -9999.0000 -9999.0000 -9999.0000 -9999.0000 -9999.0000 -9999.0000 -9999.0000 -9999.0000 -9999.0000 -9999.0000 -9999.0000 -9999.0000 -9999.0000 -9999.0000 -9999.0000 -9999.0000 -9999.0000 -9999.0000 79.6603 81.5977 83.3257 84.9662 82.5175 79.9231 78.7376 77.7259 75.7404 72.6322 69.2972 76.2660 75.2369 75.4815 78.6816 76.3301 72.1879 67.6076 65.8605 -9999.0000 -9999.0000 -9999.0000 -9999.0000 -9999.0000 -9999.0000 -9999.0000 -9999.0000
-9999.0000 -9999.0000 -9999.0000 -9999.0000 -9999.0000 -9999.0000 -9999.0000 -9999.0000 -9999.0000 -9999.0000 -9999.0000 -9999.0000 -9999.0000 -9999.0000 -9999.0000 -9999.0000 -9999.0000 -9999.0000 -9999.0000 -9999.0000 -9999.0000 -9999.0000 -9999.0000 -9999.0000 -9999.0000 -9999.0000 -9999.0000 -9999.0000 -9999.0000 -9999.0000 -9999.0000 -9999.0000 -9999.0000 -9999.0000 -9999.0000 -9999.0000 89.7184 86.7375 84.6692 83.7427 85.5455 90.8000 85.7180 81.9373 85.0807 81.2531 81.6123 80.3294 72.3514 -9999.0000 -9999.0000 -9999.0000 -9999.0000 -9999.0000 -9999.0000 -9999.0000 -9999.0000 -9999.0000
-9999.0000 -9999.0000 -9999.0000 -9999.0000 -9999.0000 -9999.0000 -9999.0000 -9999.0000 -9999.0000 -9999.0000 -9999.0000 -9999.0000 -9999.0000 -9999.0000 -9999.0000 -9999.0000 -9999.0000 -9999.0000 -9999.0000 -9999.0000 -9999.0000 -9999.0000 -9999.0000 -9999.0000 -9999.0000 -9999.0000 -9999.0000 -9999.0000 -9999.0000 -9999.0000 -9999.0000 -9999.0000 -9999.0000 -9999.0000 -9999.0000 -9999.0000 -9999.0000 -9999.0000 -9999.0000 -9999.0000 -9999.0000 -9999.0000 -9999.0000 -9999.0000 -9999.0000 83.6023 86.4632 83.8872 -9999.0000 -9999.0000 -9999.0000 -9999.0000 -9999.0000 -9999.0000 -9999.0000 -9999.0000 -9999.0000 -9999.0000
-9999.0000 -9999.0000 -9999.0000 -9999.0000 -9999.0000 -9999.0000 -9999.0000 -9999.0000 -9999.0000 -9999.0000 -9999.0000 -9999.0000 -9999.0000 -9999.0000 -9999.0000 -9999.0000 -9999.0000 -9999.0000 -9999.0000 -9999.0000 -9999.0000 -9999.0000 -9999.0000 -9999.0000 -9999.0000 -9999.0000 -9999.0000 -9999.0000 -9999.0000 -9999.0000 -9999.0000 -9999.0000 -9999.0000 -9999.0000 -9999.0000 -9999.0000 -9999.0000 -9999.0000 -9999.0000 -9999.0000 -9999.0000 -9999.0000 -9999.0000 -9999.0000 -9999.0000 -9999.0000 -9999.0000 -9999.0000 -9999.0000 -9999.0000 -9999.0000 -9999.0000 -9999.0000 -9999.0000 -9999.0000 -9999.0000 -9999.0000 -9999.0000
-9999.0000 -9999.0000 -9999.0000 -9999.0000 -9999.0000 -9999.0000 -9999.0000 -9999.0000 -9999.0000 -9999.0000 -9999.0000 -9999.0000 -9999.0000 -9999.0000 -9999.0000 -9999.0000 -9999.0000 -9999.0000 -9999.0000 -9999.0000 -9999.0000 -9999.0000 -9999.0000 -9999.0000 -9999.0000 -9999.0000 -9999.0000 -9999.0000 -9999.0000 -9999.0000 -9999.0000 -9999.0000 -9999.0000 -9999.0000 -9999.0000 -9999.0000 -9999.0000 -9999.0000 -9999.0000 -9999.0000 -9999.0000 -9999.0000 -9999.0000 -9999.0000 -9999.0000 -9999.0000 -9999.0000 -9999.0000 -9999.0000 -9999.0000 -9999.0000 -9999.0000 -9999.0000 -9999.0000 -9999.0000 -9999.0000 -9999.0000 -9999.0000
-9999.0000 -9999.0000 -9999.0000 -9999.0000 -9999.0000 -9999.0000 -9999.0000 -9999.0000 -9999.0000 -9999.0000 -9999.0000 -9999.0000 -9999.0000 -9999.0000 -9999.0000 -9999.0000 -9999.0000 -9999.0000 -9999.0000 -9999.0000 -9999.0000 -9999.0000 -9999.0000 -9999.0000 -9999.0000 -9999.0000 -9999.0000 -9999.0000 -9999.0000 -9999.0000 -9999.0000 -9999.0000 -9999.0000 -9999.0000 -9999.0000 -9999.0000 -9999.0000 -9999.0000 -9999.0000 -9999.0000 -9999.0000 -9999.0000 -9999.0000 -9999.0000 -9999.0000 -9999.0000 -9999.0000 -9999.0000 -9999.0000 -9999.0000 -9999.0000 -9999.0000 -9999.0000 -9999.0000 -9999.0000 -9999.0000 -9999.0000 -9999.0000
-9999.0000 -9999.0000 -9999.0000 -9999.0000 -9999.0000 -9999.0000 -9999.0000 -9999.0000 -9999.0000 -9999.0000 -9999.0000 -9999.0000 -9999.0000 -9999.0000 -9999.0000 -9999.0000 -9999.0000 -9999.0000 -9999.0000 -9999.0000 -9999.0000 -9999.0000 -9999.0000 -9999.0000 -9999.0000 -9999.0000 -9999.0000 -9999.0000 -9999.0000 -9999.0000 -9999.0000 -9999.0000 -9999.0000 -9999.0000 -9999.0000 -9999.0000 -9999.0000 -9999.0000 -9999.0000 -9999.0000 -9999.0000 -9999.0000 -9999.0000 -9999.0000 -9999.0000 -9999.0000 -9999.0000 -9999.0000 -9999.0000 -9999.0000 -9999.0000 -9999.0000 -9999.0000 -9999.0000 -9999.0000 -9999.0000 -9999.0000 -9999.0000
-9999.0000 -9999.0000 -9999.0000 -9999.0000 -9999.0000 -9999.0000 -9999.0000 -9999.0000 -9999.0000 -9999.0000 -9999.0000 -9999.0000 -9999.0000 -9999.0000 -9999.0000 -9999.0000 -9999.0000 -9999.0000 -9999.0000 -9999.0000 -9999.0000 -9999.0000 -9999.0000 -9999.0000 -9999.0000 -9999.0000 -9999.0000 -9999.0000 -9999.0000 -9999.0000 -9999.0000 -9999.0000 -9999.0000 -9999.0000 -9999.0000 -9999.0000 -9999.0000 -9999.0000 -9999.0000 -9999.0000 -9999.0000 -9999.0000 -9999.0000 -9999.0000 -9999.0000 -9999.0000 -9999.0000 -9999.0000 -9999.0000 -9999.0000 -9999.0000 -9999.0000 -9999.0000 -9999.0000 -9999.0000 -9999.0000 -9999.0000 -9999.0000
-9999.0000 -9999.0000 -9999.0000 -9999.0000 -9999.0000 -9999.0000 -9999.0000 -9999.0000 -9999.0000 -9999.0000 -9999.0000 -9999.0000 -9999.0000 -9999.0000 -9999.0000 -9999.0000 -9999.0000 -9999.0000 -9999.0000 -9999.0000 -9999.0000 -9999.0000 -9999.0000 -9999.0000 -9999.0000 -9999.0000 -9999.0000 -9999.0000 -9999.0000 -9999.0000 -9999.0000 -9999.0000 -9999.0000 -9999.0000 -9999.0000 -9999.0000 -9999.0000 -9999.0000 -9999.0000 -9999.0000 -9999.0000 -9999.0000 -9999.0000 -9999.0000 -9999.0000 -9999.0000 -9999.0000 -9999.0000 -9999.0000 -9999.0000 -9999.0000 -9999.0000 -9999.0000 -9999.0000 -9999.0000 -9999.0000 -9999.0000 -9999.0000
