example_data/selke/layers/t_top.asc
ncols 206
nrows 204
xllcorner 4432837.5
yllcorner 5724937.5
cellsize 200.0
NODATA_value -9999.0
[rows 26 to 51 of 204, columns 58 to 115 of 206]
-9999.0000 -9999.0000 -9999.0000 -9999.0000 -9999.0000 -9999.0000 -9999.0000 -9999.0000 -9999.0000 -9999.0000 -9999.0000 -9999.0000 -9999.0000 85.7616 81.7104 76.5616 76.2406 66.3164 64.7936 66.6737 69.1633 74.0428 71.1111 68.6474 66.9290 67.1518 59.4007 58.2954 54.3349 52.5166 46.6488 41.8854 40.9395 31.8124 36.5670 36.3390 33.4531 32.3642 30.0035 26.5959 24.6068 42.4085 46.5698 50.1467 53.2200 54.6556 57.1736 61.3030 67.0559 73.2914 75.5813 75.6461 75.0547 74.1223 72.0520 76.9563 73.6469 71.5658
-9999.0000 -9999.0000 -9999.0000 -9999.0000 -9999.0000 -9999.0000 -9999.0000 -9999.0000 -9999.0000 -9999.0000 -9999.0000 -9999.0000 87.0791 86.4636 83.7421 80.0743 80.3886 69.7509 70.0913 73.8397 75.0912 75.5734 76.3414 73.1791 70.5750 64.4007 61.5153 59.0463 58.1827 52.6776 50.1575 42.8938 38.3475 38.6979 36.1291 35.9220 34.6765 32.9296 30.6686 28.7875 26.8274 43.9350 45.3382 44.8768 48.2159 50.1093 52.5252 55.7214 59.5561 69.8400 73.3818 72.9851 69.5522 67.0902 66.2375 67.2209 70.8013 67.8439
-9999.0000 -9999.0000 -9999.0000 -9999.0000 -9999.0000 -9999.0000 -9999.0000 -9999.0000 -9999.0000 -9999.0000 90.3093 89.5135 87.9507 85.5828 83.7198 84.9961 82.9521 83.7009 73.9051 74.4765 75.5620 76.2316 76.5270 77.5839 75.3814 68.3850 65.4117 62.7093 61.5152 55.2951 52.7475 45.8478 40.4096 40.6569 38.9627 36.7214 35.2396 34.9686 32.2777 29.4511 27.0135 26.9634 42.4517 43.5259 46.3911 47.1392 47.5594 49.0150 52.8615 60.1457 62.5399 61.6758 60.2765 58.1990 60.7890 61.3003 60.7097 64.0449
-9999.0000 -9999.0000 -9999.0000 -9999.0000 -9999.0000 -9999.0000 -9999.0000 -9999.0000 -9999.0000 90.4716 89.9618 90.3794 87.9818 86.3287 85.9956 86.2030 85.1322 85.1720 76.2200 76.6416 76.2164 77.2289 78.8955 77.8253 73.4015 70.9597 67.9709 63.1218 62.8950 57.5967 58.1149 52.5520 45.1838 41.8372 39.7354 39.9985 36.5670 36.5176 35.4076 31.9023 29.8612 26.9368 42.8537 43.8367 43.3273 43.9960 42.7173 42.3131 44.7155 47.7114 53.0363 50.3232 54.2142 54.8121 53.2901 52.0915 55.3722 -9999.0000
-9999.0000 -9999.0000 -9999.0000 -9999.0000 -9999.0000 -9999.0000 -9999.0000 -9999.0000 86.2309 88.0943 89.0418 88.8560 86.7624 86.4480 85.9551 85.5974 86.8869 86.8727 85.6677 77.7526 78.3056 78.2360 80.7522 81.3541 79.7161 73.2121 71.3104 69.6684 63.6773 63.8631 61.2964 55.1093 50.3034 43.8578 42.2553 42.6293 42.0089 39.3185 38.5938 37.2503 31.9668 28.6773 31.3837 41.2568 43.0184 37.7370 37.0104 36.4611 38.5962 43.6547 45.4959 46.1465 46.0122 45.3319 50.7019 50.2478 51.6274 -9999.0000
-9999.0000 -9999.0000 -9999.0000 -9999.0000 -9999.0000 -9999.0000 -9999.0000 -9999.0000 85.1272 87.7773 86.6926 86.9317 85.3359 85.7874 86.2061 85.4490 87.1776 87.2444 86.6436 86.7006 79.5796 81.5699 81.1750 82.9185 81.8981 79.6476 74.5985 76.1910 75.9617 69.8558 62.3438 57.1776 53.6424 50.1060 49.2682 47.0018 45.3820 44.0385 43.8046 42.0465 39.3821 37.1906 34.5897 31.4836 42.0328 40.5402 37.5029 35.1875 35.9400 36.3274 41.5272 43.0532 42.4838 42.2585 41.5813 48.4981 -9999.0000 -9999.0000
-9999.0000 -9999.0000 -9999.0000 -9999.0000 -9999.0000 -9999.0000 -9999.0000 84.3787 85.8296 87.6999 85.8123 86.6042 85.6219 85.8308 85.4724 84.5312 86.6429 86.7586 86.8160 86.3866 81.1536 82.3113 82.7216 82.6823 83.0748 80.2361 78.7369 80.0569 78.9250 77.2129 65.5528 59.8616 55.4823 58.0490 55.1586 52.7884 50.1679 48.3184 47.1798 45.9238 45.6060 45.9022 43.8410 34.6288 42.1767 41.3634 38.5638 37.8209 33.7399 36.0558 38.3752 40.4349 40.8156 40.2958 40.6779 46.5283 -9999.0000 -9999.0000
-9999.0000 -9999.0000 -9999.0000 -9999.0000 -9999.0000 -9999.0000 -9999.0000 90.3550 86.2057 87.1293 87.8691 87.5915 87.3918 86.0528 86.1268 84.6510 85.8356 86.3434 86.8018 86.6221 88.5507 82.9215 83.7317 84.0853 83.2449 81.1049 81.2321 81.0667 79.3733 73.0943 69.2075 65.0824 63.2931 61.1260 58.4737 56.5203 55.0536 53.5279 53.5711 49.6150 50.6285 50.1563 48.4526 53.9163 47.0312 44.9305 45.2240 43.5481 35.7464 35.9579 40.7748 41.3862 41.1536 43.3251 41.8417 -9999.0000 -9999.0000 -9999.0000
-9999.0000 -9999.0000 -9999.0000 -9999.0000 -9999.0000 -9999.0000 89.2481 89.6622 90.2733 88.5228 90.7276 89.2626 88.1732 88.3583 86.5339 85.1854 84.1765 85.7346 86.9645 89.3629 89.7584 89.8931 84.3512 85.2366 82.6622 83.5935 83.4868 81.5245 80.9361 73.9184 71.9428 70.8002 66.8167 63.7467 62.6265 61.3302 59.9375 56.9561 55.6855 56.3591 54.5152 54.0825 53.1650 56.9024 53.0172 51.0687 45.0727 44.2321 40.4295 38.9590 40.6175 42.0640 41.5252 40.3100 39.9654 -9999.0000 -9999.0000 -9999.0000
-9999.0000 -9999.0000 -9999.0000 -9999.0000 -9999.0000 -9999.0000 -9999.0000 86.6807 90.8264 90.9416 88.1194 84.8531 86.0607 83.8914 84.4995 86.2938 84.8469 85.4188 85.8701 87.9169 90.1124 90.4112 91.1148 84.5215 85.6657 84.6517 84.3610 82.0628 78.4320 76.1629 75.2490 72.4855 69.1571 66.9881 65.5349 64.3991 61.7065 60.3008 60.3704 59.9912 60.4982 58.1624 60.8491 59.4513 55.4510 52.7050 49.5299 48.9169 46.0809 45.2952 43.6459 42.4744 40.7423 39.5387 38.2032 -9999.0000 -9999.0000 -9999.0000
-9999.0000 -9999.0000 -9999.0000 -9999.0000 -9999.0000 -9999.0000 -9999.0000 87.3159 89.9018 89.1577 88.6268 87.4213 84.9003 84.7831 85.9285 86.1880 85.4926 86.5699 87.0739 86.6992 86.4273 85.4572 85.5423 90.3580 85.0176 84.7353 84.2909 83.3504 79.2157 78.9401 76.7265 74.2944 71.3584 69.5013 68.7307 66.3324 65.9233 64.1945 64.2417 63.5335 63.1856 61.9673 61.7744 60.5483 58.9056 57.3593 55.9789 54.5188 53.1247 49.7930 48.6491 46.1086 43.1185 39.2237 -9999.0000 -9999.0000 -9999.0000 -9999.0000
-9999.0000 -9999.0000 -9999.0000 -9999.0000 -9999.0000 -9999.0000 -9999.0000 88.9993 90.5150 91.8345 92.2265 88.7596 86.7918 87.7794 91.1027 87.4739 88.0544 87.4130 86.3730 87.2774 86.0754 85.6573 84.6390 86.3307 86.8336 84.2962 83.6936 83.0511 82.7087 80.7101 78.0254 76.2748 74.4440 71.6250 70.3254 69.3062 68.5277 67.7650 65.9341 65.4237 64.6016 64.9616 64.5408 64.5026 61.6754 62.2261 64.0349 62.2881 62.1246 56.8404 53.7759 49.9738 42.0752 40.7958 -9999.0000 -9999.0000 -9999.0000 -9999.0000
-9999.0000 -9999.0000 -9999.0000 -9999.0000 -9999.0000 -9999.0000 -9999.0000 -9999.0000 89.3539 90.6708 90.0492 87.6485 86.2957 90.9702 89.2700 89.6224 89.7384 87.6946 87.8875 88.6558 89.1864 87.2829 87.0190 87.0651 86.4051 85.2480 84.1434 83.0779 82.2739 81.1997 77.8625 75.8581 74.5346 73.0398 72.0602 71.4642 71.0821 70.7824 67.4519 66.7597 63.9432 66.2917 65.4308 65.5500 64.8585 68.1534 73.6261 71.6352 68.8157 64.3320 59.0097 52.9615 49.5061 -9999.0000 -9999.0000 -9999.0000 -9999.0000 -9999.0000
-9999.0000 -9999.0000 -9999.0000 -9999.0000 -9999.0000 -9999.0000 -9999.0000 -9999.0000 90.3835 87.5441 85.8882 85.9516 86.1421 87.7373 89.5626 90.4208 89.7729 89.4748 88.9389 89.0325 90.4267 96.4613 101.3374 88.9911 90.2412 86.1064 84.8205 82.5979 80.8925 78.7617 77.9527 74.9911 72.6969 71.5661 72.7530 72.7215 72.5117 71.7682 70.2703 65.9741 63.9983 64.3951 62.3864 65.6898 71.7561 71.1610 73.6299 74.0649 74.7782 69.9777 65.8976 58.3224 54.4783 -9999.0000 -9999.0000 -9999.0000 -9999.0000 -9999.0000
-9999.0000 -9999.0000 -9999.0000 -9999.0000 -9999.0000 -9999.0000 -9999.0000 -9999.0000 91.6000 85.4531 86.6985 86.8596 87.4277 84.2059 89.6294 92.1617 91.7050 91.6413 90.6803 90.4784 94.7685 95.8876 99.0596 101.2438 88.4876 88.4098 84.3148 82.4107 81.1895 76.7096 73.7186 72.1366 74.0220 72.1772 72.6432 73.3298 73.3489 73.6620 71.1741 66.8139 63.8500 64.2230 64.6743 65.9272 65.3378 73.1359 73.8989 74.7022 77.7680 73.6470 69.1226 64.0340 -9999.0000 -9999.0000 -9999.0000 -9999.0000 -9999.0000 -9999.0000
-9999.0000 -9999.0000 -9999.0000 -9999.0000 -9999.0000 -9999.0000 -9999.0000 -9999.0000 83.5725 85.3289 85.4892 84.8339 83.7961 84.1230 86.0449 90.8907 94.9124 92.2404 92.8019 90.7605 96.4442 -9999.0000 -9999.0000 -9999.0000 -9999.0000 92.9346 85.5074 83.3954 82.3015 81.7814 80.4467 73.5243 73.8085 76.2911 75.9236 76.1392 76.5105 76.0235 73.0630 68.2349 64.9032 66.0664 67.7119 68.1389 66.5638 63.8225 68.4378 76.7581 79.3774 73.3930 71.6926 -9999.0000 -9999.0000 -9999.0000 -9999.0000 -9999.0000 -9999.0000 -9999.0000
-9999.0000 -9999.0000 -9999.0000 -9999.0000 -9999.0000 -9999.0000 -9999.0000 -9999.0000 -9999.0000 83.5439 85.2795 84.5208 84.1101 83.9937 -9999.0000 -9999.0000 -9999.0000 -9999.0000 -9999.0000 -9999.0000 -9999.0000 -9999.0000 -9999.0000 -9999.0000 -9999.0000 -9999.0000 -9999.0000 92.1898 91.2522 88.2606 90.7335 83.6861 84.7608 79.9378 80.0203 81.8130 81.5212 78.5830 73.5063 68.1159 70.4252 69.2775 68.6040 67.7462 66.6345 67.2959 71.8920 75.6935 75.8287 69.7129 68.0602 -9999.0000 -9999.0000 -9999.0000 -9999.0000 -9999.0000 -9999.0000 -9999.0000
-9999.0000 -9999.0000 -9999.0000 -9999.0000 -9999.0000 -9999.0000 -9999.0000 -9999.0000 -9999.0000 -9999.0000 -9999.0000 -9999.0000 -9999.0000 -9999.0000 -9999.0000 -9999.0000 -9999.0000 -9999.0000 -9999.0000 -9999.0000 -9999.0000 -9999.0000 -9999.0000 -9999.0000 -9999.0000 -9999.0000 -9999.0000 -9999.0000 -9999.0000 -9999.0000 -9999.0000 91.2948 91.1530 89.6718 86.4465 83.5175 80.9231 79.7376 78.7259 76.7404 73.6322 70.2972 77.2660 76.2369 76.4815 83.3159 84.2566 74.9215 73.0815 70.4926 -9999.0000 -9999.0000 -9999.0000 -9999.0000 -9999.0000 -9999.0000 -9999.0000 -9999.0000
-9999.0000 -9999.0000 -9999.0000 -9999.0000 -9999.0000 -9999.0000 -9999.0000 -9999.0000 -9999.0000 -9999.0000 -9999.0000 -9999.0000 -9999.0000 -9999.0000 -9999.0000 -9999.0000 -9999.0000 -9999.0000 -9999.0000 -9999.0000 -9999.0000 -9999.0000 -9999.0000 -9999.0000 -9999.0000 -9999.0000 -9999.0000 -9999.0000 -9999.0000 -9999.0000 -9999.0000 -9999.0000 -9999.0000 -9999.0000 -9999.0000 -9999.0000 99.9000 88.1870 85.6692 93.1662 92.9268 91.8000 89.7877 86.7725 86.4914 85.4823 85.4781 81.3294 76.8907 -9999.0000 -9999.0000 -9999.0000 -9999.0000 -9999.0000 -9999.0000 -9999.0000 -9999.0000 -9999.0000
-9999.0000 -9999.0000 -9999.0000 -9999.0000 -9999.0000 -9999.0000 -9999.0000 -9999.0000 -9999.0000 -9999.0000 -9999.0000 -9999.0000 -9999.0000 -9999.0000 -9999.0000 -9999.0000 -9999.0000 -9999.0000 -9999.0000 -9999.0000 -9999.0000 -9999.0000 -9999.0000 -9999.0000 -9999.0000 -9999.0000 -9999.0000 -9999.0000 -9999.0000 -9999.0000 -9999.0000 -9999.0000 -9999.0000 -9999.0000 -9999.0000 -9999.0000 -9999.0000 -9999.0000 -9999.0000 -9999.0000 -9999.0000 -9999.0000 -9999.0000 -9999.0000 -9999.0000 85.8173 89.1000 89.0000 -9999.0000 -9999.0000 -9999.0000 -9999.0000 -9999.0000 -9999.0000 -9999.0000 -9999.0000 -9999.0000 -9999.0000
-9999.0000 -9999.0000 -9999.0000 -9999.0000 -9999.0000 -9999.0000 -9999.0000 -9999.0000 -9999.0000 -9999.0000 -9999.0000 -9999.0000 -9999.0000 -9999.0000 -9999.0000 -9999.0000 -9999.0000 -9999.0000 -9999.0000 -9999.0000 -9999.0000 -9999.0000 -9999.0000 -9999.0000 -9999.0000 -9999.0000 -9999.0000 -9999.0000 -9999.0000 -9999.0000 -9999.0000 -9999.0000 -9999.0000 -9999.0000 -9999.0000 -9999.0000 -9999.0000 -9999.0000 -9999.0000 -9999.0000 -9999.0000 -9999.0000 -9999.0000 -9999.0000 -9999.0000 -9999.0000 -9999.0000 -9999.0000 -9999.0000 -9999.0000 -9999.0000 -9999.0000 -9999.0000 -9999.0000 -9999.0000 -9999.0000 -9999.0000 -9999.0000
-9999.0000 -9999.0000 -9999.0000 -9999.0000 -9999.0000 -9999.0000 -9999.0000 -9999.0000 -9999.0000 -9999.0000 -9999.0000 -9999.0000 -9999.0000 -9999.0000 -9999.0000 -9999.0000 -9999.0000 -9999.0000 -9999.0000 -9999.0000 -9999.0000 -9999.0000 -9999.0000 -9999.0000 -9999.0000 -9999.0000 -9999.0000 -9999.0000 -9999.0000 -9999.0000 -9999.0000 -9999.0000 -9999.0000 -9999.0000 -9999.0000 -9999.0000 -9999.0000 -9999.0000 -9999.0000 -9999.0000 -9999.0000 -9999.0000 -9999.0000 -9999.0000 -9999.0000 -9999.0000 -9999.0000 -9999.0000 -9999.0000 -9999.0000 -9999.0000 -9999.0000 -9999.0000 -9999.0000 -9999.0000 -9999.0000 -9999.0000 -9999.0000
-9999.0000 -9999.0000 -9999.0000 -9999.0000 -9999.0000 -9999.0000 -9999.0000 -9999.0000 -9999.0000 -9999.0000 -9999.0000 -9999.0000 -9999.0000 -9999.0000 -9999.0000 -9999.0000 -9999.0000 -9999.0000 -9999.0000 -9999.0000 -9999.0000 -9999.0000 -9999.0000 -9999.0000 -9999.0000 -9999.0000 -9999.0000 -9999.0000 -9999.0000 -9999.0000 -9999.0000 -9999.0000 -9999.0000 -9999.0000 -9999.0000 -9999.0000 -9999.0000 -9999.0000 -9999.0000 -9999.0000 -9999.0000 -9999.0000 -9999.0000 -9999.0000 -9999.0000 -9999.0000 -9999.0000 -9999.0000 -9999.0000 -9999.0000 -9999.0000 -9999.0000 -9999.0000 -9999.0000 -9999.0000 -9999.0000 -9999.0000 -9999.0000
-9999.0000 -9999.0000 -9999.0000 -9999.0000 -9999.0000 -9999.0000 -9999.0000 -9999.0000 -9999.0000 -9999.0000 -9999.0000 -9999.0000 -9999.0000 -9999.0000 -9999.0000 -9999.0000 -9999.0000 -9999.0000 -9999.0000 -9999.0000 -9999.0000 -9999.0000 -9999.0000 -9999.0000 -9999.0000 -9999.0000 -9999.0000 -9999.0000 -9999.0000 -9999.0000 -9999.0000 -9999.0000 -9999.0000 -9999.0000 -9999.0000 -9999.0000 -9999.0000 -9999.0000 -9999.0000 -9999.0000 -9999.0000 -9999.0000 -9999.0000 -9999.0000 -9999.0000 -9999.0000 -9999.0000 -9999.0000 -9999.0000 -9999.0000 -9999.0000 -9999.0000 -9999.0000 -9999.0000 -9999.0000 -9999.0000 -9999.0000 -9999.0000
-9999.0000 -9999.0000 -9999.0000 -9999.0000 -9999.0000 -9999.0000 -9999.0000 -9999.0000 -9999.0000 -9999.0000 -9999.0000 -9999.0000 -9999.0000 -9999.0000 -9999.0000 -9999.0000 -9999.0000 -9999.0000 -9999.0000 -9999.0000 -9999.0000 -9999.0000 -9999.0000 -9999.0000 -9999.0000 -9999.0000 -9999.0000 -9999.0000 -9999.0000 -9999.0000 -9999.0000 -9999.0000 -9999.0000 -9999.0000 -9999.0000 -9999.0000 -9999.0000 -9999.0000 -9999.0000 -9999.0000 -9999.0000 -9999.0000 -9999.0000 -9999.0000 -9999.0000 -9999.0000 -9999.0000 -9999.0000 -9999.0000 -9999.0000 -9999.0000 -9999.0000 -9999.0000 -9999.0000 -9999.0000 -9999.0000 -9999.0000 -9999.0000
-9999.0000 -9999.0000 -9999.0000 -9999.0000 -9999.0000 -9999.0000 -9999.0000 -9999.0000 -9999.0000 -9999.0000 -9999.0000 -9999.0000 -9999.0000 -9999.0000 -9999.0000 -9999.0000 -9999.0000 -9999.0000 -9999.0000 -9999.0000 -9999.0000 -9999.0000 -9999.0000 -9999.0000 -9999.0000 -9999.0000 -9999.0000 -9999.0000 -9999.0000 -9999.0000 -9999.0000 -9999.0000 -9999.0000 -9999.0000 -9999.0000 -9999.0000 -9999.0000 -9999.0000 -9999.0000 -9999.0000 -9999.0000 -9999.0000 -9999.0000 -9999.0000 -9999.0000 -9999.0000 -9999.0000 -9999.0000 -9999.0000 -9999.0000 -9999.0000 -9999.0000 -9999.0000 -9999.0000 -9999.0000 -9999.0000 -9999.0000 -9999.0000
